... logging to /root/.ros/log/87bf741c-1e60-11e9-bf0b-ec086b0a6d0b/roslaunch-mrrobot-765.log
Checking log directory for disk usage. This may take awhile.
Press Ctrl-C to interrupt
Done checking log file disk usage. Usage is <1GB.
]2;/home/mrrobot/ilias_ws/src/cepheus_robot/launch/launch_cepheus_robot.launch
[1mstarted roslaunch server http://192.168.1.103:40583/[0m

SUMMARY
========

PARAMETERS
 * /assist_robot_leds: [{'position': [0....
 * /base_controller/kd_gain_ang: 1.24035
 * /base_controller/kd_gain_lin: 12.0
 * /base_controller/kp_gain_ang: 1.0
 * /base_controller/kp_gain_lin: 1.2
 * /base_controller/loop_rate: 200.0
 * /base_controller/use_reaction_wheel: True
 * /base_controller/use_with_planner: True
 * /cepheus_ctrl/controllers_to_spawn: joint_state_publi...
 * /cepheus_interface_node/left_elbow_limit_pos: 1.75
 * /cepheus_interface_node/left_shoulder_limit_pos: 2.59
 * /cepheus_interface_node/loop_rate: 200.0
 * /cepheus_interface_node/max_motor_current: 2.0
 * /cepheus_interface_node/right_elbow_limit_pos: -1.75
 * /cepheus_interface_node/right_shoulder_limit_pos: -2.59
 * /cepheus_interface_node/rw_max_power: 30
 * /cepheus_interface_node/rw_max_speed: 400
 * /cepheus_interface_node/rw_max_torque: 0.02
 * /cepheus_interface_node/rw_total_inertia: 0.00197265
 * /cepheus_interface_node/thruster_force: 0.5
 * /cepheus_leds: [{'position': [0....
 * /cepheus_state_publisher/publish_frequency: 100
 * /joint_state_publisher/publish_rate: 50.0
 * /joint_state_publisher/type: joint_state_contr...
 * /left_elbow_position_controller/joint: left_elbow
 * /left_elbow_position_controller/pid/d: 0.02
 * /left_elbow_position_controller/pid/i: 0.0
 * /left_elbow_position_controller/pid/i_clamp: 0.0
 * /left_elbow_position_controller/pid/p: 0.1
 * /left_elbow_position_controller/type: effort_controller...
 * /left_gripper_position_controller/joint: left_finger_joint
 * /left_gripper_position_controller/type: position_controll...
 * /left_shoulder_position_controller/joint: left_shoulder
 * /left_shoulder_position_controller/pid/d: 0.02
 * /left_shoulder_position_controller/pid/i: 0.0
 * /left_shoulder_position_controller/pid/i_clamp: 0.0
 * /left_shoulder_position_controller/pid/p: 0.1
 * /left_shoulder_position_controller/type: effort_controller...
 * /left_wrist_position_controller/joint: left_wrist
 * /left_wrist_position_controller/type: position_controll...
 * /left_wrist_trajectory_controller/gains/left_wrist/d: 0.01
 * /left_wrist_trajectory_controller/gains/left_wrist/i: 0.0
 * /left_wrist_trajectory_controller/gains/left_wrist/i_clamp: 0.0
 * /left_wrist_trajectory_controller/gains/left_wrist/p: 0.1
 * /left_wrist_trajectory_controller/joints: ['left_wrist']
 * /left_wrist_trajectory_controller/type: position_controll...
 * /phase_space_node/init_flags: 0
 * /phase_space_node/ip: 192.168.1.18
 * /phase_space_node/marker_count: 72
 * /reaction_wheel_effort_controller/joint: reaction_wheel_joint
 * /reaction_wheel_effort_controller/pid/d: 0.0
 * /reaction_wheel_effort_controller/pid/i: 0.0
 * /reaction_wheel_effort_controller/pid/i_clamp: 0.0
 * /reaction_wheel_effort_controller/pid/p: 1.0
 * /reaction_wheel_effort_controller/type: effort_controller...
 * /reaction_wheel_position_controller/joint: reaction_wheel_joint
 * /reaction_wheel_position_controller/pid/d: 0.1
 * /reaction_wheel_position_controller/pid/i: 0.0
 * /reaction_wheel_position_controller/pid/i_clamp: 0.0
 * /reaction_wheel_position_controller/pid/p: 1.0
 * /reaction_wheel_position_controller/type: effort_controller...
 * /reaction_wheel_velocity_controller/joint: reaction_wheel_joint
 * /reaction_wheel_velocity_controller/pid/d: 0.0
 * /reaction_wheel_velocity_controller/pid/i: 0.0
 * /reaction_wheel_velocity_controller/pid/i_clamp: 0.05
 * /reaction_wheel_velocity_controller/pid/p: -0.05
 * /reaction_wheel_velocity_controller/type: effort_controller...
 * /right_elbow_position_controller/joint: right_elbow
 * /right_elbow_position_controller/pid/d: 0.02
 * /right_elbow_position_controller/pid/i: 0.0
 * /right_elbow_position_controller/pid/i_clamp[33m[ WARN] [1548173557.347936259]: Planner is starting the observation and decision process...................[0m
[33m[ WARN] [1548173557.348026710]: Planner is starting to produce the trajecory[0m
0 0
0 0
0 0
0 0
0 0
0 0
0 0
0 0
0 0
0 0
0 0
0 0
0 0
0 0
0 0
0 0
0 0
0 0
0 0
0 0
0 0
0 0
0 0
0 0
0 0
0 0
0 0
0 0
0 0
0 0
0 0
0 0
0 0
0 0
0 0
0 0
0 0
0 0
0 0
0 0
0 0
0 0
0 0
0 0
0 0
0 0
0 0
0 0
0 0
0 0
0 0
0 0
0 0
0 0
0 0
0 0
0 0
0 0
0 0
0 0
0 0
0 0
0 0
0 0
0 0
0 0
0 0
0 0
0 0
0 0
0 0
0 0
0 0
0 0
0 0
0 0
0 0
0 0
0 0
0 0
0 0
0 0
0 0
0 0
0 0
0 0
0 0
0 0
0 0
0 0
0 0
0 0
0 0
0 0
0 0
0 0
0 0
0 0
0 0
0 0
0 0
0 0
0 0
0 0
0 0
0 0
0 0
0 0
0 0
0 0
0 0
0 0
0 0
0 0
0 0
0 0
0 0
0 0
0 0
0 0
0 0
0 0
0 0
0 0
0 0
0 0
0 0
0 0
0 0
0 0
0 0
0 0
0 0
0 0
0 0
0 0
0 0
0 0
0 0
0 0
0 0
0 0
0 0
0 0
0 0
0 0
0 0
0 0
0 0
0 0
0 0
0 0
0 0
0 0
0 0
0 0
0 0
0 0
0 0
0 0
0 0
0 0
0 0
0 0
0 0
0 0
0 0
0 0
0 0
0 0
0 0
0 0
0 0
0 0
0 0
0 0
0 0
0 0
0 0
0 0
0 0
0 0
0 0
0 0
0 0
0 0
0 0
0 0
0 0
0 0
0 0
0 0
0 0
0 0
0 0
0 0
0 0
0 0
0 0
0 0
0 0
0 0
0 0
0 0
0 0
0 0
0 0
0 0
0 0
0 0
0 0
0 0
0 0
0 0
0 0
0 0
0 0
0 0
0 0
0 0
0 0
0 0
0 0
0 0
0 0
0 0
0 0
0 0
0 0
0 0
0 0
0 0
0 0
0 0
0 0
0 0
0 0
0 0
0 0
0 0
0 0
0 0
0 0
0 0
0 0
0 0
0 0
0 0
0 0
0 0
0 0
0 0
0 0
0 0
0 0
0 0
0 0
0 0
0 0
0 0
0 0
0 0
0 0
0 0
0 0
0 0
0 0
0 0
0 0
0 0
0 0
0 0
0 0
0 0
0 0
0 0
0 0
0 0
0 0
0 0
0 0
0 0
0 0
0 0
0 0
0 0
0 0
0 0
0 0
0 0
0 0
0 0
0 0
0 0
0 0
0 0
0 0
0 0
0 0
0 0
0 0
0 0
0 0
0 0
0 0
0 0
0 0
0 0
0 0
0 0
0 0
0 0
0 0
0 0
0 0
0 0
0 0
0 0
0 0
0 0
0 0
0 0
0 0
0 0
0 0
0 0
0 0
0 0
0 0
0 0
0 0
0 0
0 0
0 0
0 0
0 0
0 0
0 0
0 0
0 0
0 0
0 0
0 0
0 0
0 0
0 0
0 0
0 0
0 0
0 0
0 0
0 0
0 0
0 0
0 0
0 0
0 0
0 0
0 0
0 0
0 0
0 0
0 0
0 0
0 0
0 0
0 0
0 0
0 0
0 0
0 0
0 0
0 0
0 0
0 0
0 0
0 0
0 0
0 0
0 0
0 0
0 0
0 0
0 0
0 0
0 0
0 0
0 0
0 0
0 0
0 0
0 0
0 0
0 0
0 0
0 0
0 0
0 0
0 0
0 0
0 0
0 0
0 0
0 0
0 0
0 0
0 0
0 0
0 0
0 0
0 0
0 0
0 0
0 0
0 0
0 0
0 0
0 0
0 0
0 0
0 0
0 0
0 0
0 0
0 0
0 0
0 0
0 0
0 0
0 0
0 0
0 0
0 0
0 0
0 0
0 0
0 0
0 0
0 0
0 0
0 0
0 0
0 0
0 0
0 0
0 0
0 0
0 0
0 0
0 0
0 0
0 0
0 0
0 0
0 0
0 0
0 0
0 0
0 0
0 0
0 0
0 0
0 0
0 0
0 0
0 0
0 0
0 0
0 0
0 0
0 0
0 0
0 0
0 0
0 0
0 0
0 0
0 0
0 0
0 0
0 0
0 0
0 0
0 0
0 0
0 0
0 0
0 0
0 0
0 0
0 0
0 0
0 0
0 0
0 0
0 0
0 0
0 0
0 0
0 0
0 0
0 0
0 0
0 0
0 0
0 0
0 0
0 0
0 0
0 0
0 0
0 0
0 0
0 0
0 0
0 0
0 0
0 0
0 0
0 0
0 0
0 0
0 0
0 0
0 0
0 0
0 0
0 0
0 0
0 0
0 0
0 0
0 0
0 0
0 0
0 0
0 0
0 0
0 0
9362.15 -0.0047043
9362.15 -0.0114551
9362.16 -0.0209506
9362.16 -0.0309562
9362.17 -0.039923
9362.17 -0.0478361
9362.18 -0.0544813
9362.18 -0.0604881
9362.19 -0.0657769
9362.19 -0.0707107
9362.2 -0.0753677
9362.2 -0.075015
9362.21 -0.0724675
9362.21 -0.0670115
9362.22 -0.0609642
9362.22 -0.0558927
9362.23 -0.0518078
9362.23 -0.0489626
9362.24 -0.0467203
9362.24 -0.0451775
9362.25 -0.0439795
9362.25 -0.0430466
9362.26 -0.0424127
9362.26 -0.0419186
9362.27 -0.0415842
9362.27 -0.0413272
9362.28 -0.0411297
9362.28 -0.0409974
9362.29 -0.040885
9362.29 -0.0408038
9362.3 -0.0407386
9362.3 -0.0406838
9362.31 -0.0406413
9362.31 -0.040611
9362.32 -0.0405894
9362.32 -0.0405711
9362.33 -0.0405539
9362.33 -0.0405396
9362.34 -0.04052
9362.34 -0.040505
9362.35 -0.0404942
9362.35 -0.0404868
9362.35 -0.0404798
9362.36 -0.0404743
9362.37 -0.0404635
9362.37 -0.0404549
9362.38 -0.0404496
9362.38 -0.0404466
9362.39 -0.0404429
9362.39 -0.0404453
9362.4 -0.0404501
9362.4 -0.0404537
9362.41 -0.0404557
9362.41 -0.0404569
9362.42 -0.0404546
9362.42 -0.0404514
9362.43 -0.0404442
9362.43 -0.0404346
9362.44 -0.0404225
9362.44 -0.0404077
9362.45 -0.0403929
9362.45 -0.0403788
9362.46 -0.040367
9362.46 -0.0403559
9362.46 -0.0403455
9362.47 -0.0403358
9362.48 -0.0403272
9362.48 -0.0403205
9362.49 -0.0403138
9362.49 -0.0402977
9362.5 -0.0402873
9362.5 -0.0402831
9362.51 -0.0402803
9362.51 -0.0402778
9362.52 -0.0402744
9362.52 -0.0402708
9362.53 -0.0402661
9362.53 -0.0402559
9362.54 -0.0402392
9362.54 -0.0402193
9362.55 -0.0402123
9362.55 -0.0402065
9362.56 -0.0401975
9362.56 -0.0401974
9362.57 -0.0402027
9362.57 -0.0402131
9362.58 -0.0402301
9362.58 -0.0402517
9362.59 -0.0402733
9362.59 -0.0402984
9362.6 -0.0403271
9362.6 -0.0403592
9362.61 -0.0403908
9362.61 -0.0404235
9362.62 -0.0404478
9362.62 -0.0404672
9362.63 -0.0404824
9362.63 -0.0404926
9362.64 -0.0404994
9362.64 -0.040511
9362.65 -0.0405246
9362.65 -0.0405372
9362.66 -0.0405459
9362.66 -0.0405519
9362.67 -0.0405541
9362.67 -0.0405532
9362.68 -0.0405493
9362.68 -0.0405433
9362.69 -0.0405251
9362.69 -0.040501
9362.7 -0.0404752
9362.7 -0.0404518
9362.71 -0.0404297
9362.71 -0.0404074
9362.72 -0.0403844
9362.72 -0.0403621
9362.73 -0.0403431
9362.73 -0.0403306
9362.74 -0.0403115
9362.74 -0.0403015
9362.75 -0.0403003
9362.75 -0.0403063
9362.76 -0.0403142
9362.76 -0.0403244
9362.77 -0.0403309
9362.77 -0.0403336
9362.78 -0.0403413
9362.78 -0.0403511
9362.79 -0.0403514
9362.79 -0.0403567
9362.8 -0.0403566
9362.8 -0.0403552
9362.8 -0.0403472
9362.81 -0.040332
9362.82 -0.040311
9362.82 -0.040292
9362.83 -0.040279
9362.83 -0.0402671
9362.84 -0.0402596
9362.84 -0.0402526
9362.85 -0.0402428
9362.85 -0.0402462
9362.86 -0.040252
9362.86 -0.0402639
9362.87 -0.0402735
9362.87 -0.0402789
9362.88 -0.0402931
9362.88 -0.0403105
9362.89 -0.0403086
9362.89 -0.0402964
9362.9 -0.0402913
9362.9 -0.0402993
9362.91 -0.0402991
9362.91 -0.0402872
9362.92 -0.0402646
9362.92 -0.040244
9362.93 -0.0402311
9362.93 -0.0402196
9362.94 -0.0401945
9362.94 -0.0401723
9362.95 -0.0401475
9362.95 -0.0401338
9362.96 -0.0401219
9362.96 -0.0401218
9362.97 -0.040123
9362.97 -0.0401221
9362.98 -0.0401349
9362.98 -0.0401522
9362.99 -0.0401602
9362.99 -0.0401746
9363 -0.0402005
9363 -0.0402359
9363.01 -0.0402598
9363.01 -0.0402788
9363.02 -0.0402891
9363.02 -0.0403074
9363.03 -0.0403332
9363.03 -0.0403509
9363.04 -0.0403538
9363.04 -0.0403539
9363.05 -0.0403564
9363.05 -0.0403611
9363.06 -0.0403639
9363.06 -0.0403669
9363.07 -0.0403674
9363.07 -0.0403672
9363.08 -0.0403663
9363.08 -0.0403666
9363.09 -0.040366
9363.09 -0.0403742
9363.1 -0.0403862
9363.1 -0.0403981
9363.11 -0.0404066
9363.11 -0.0404119
9363.12 -0.0404137
9363.12 -0.0404133
9363.13 -0.0404108
9363.13 -0.0404089
9363.14 -0.0403958
9363.14 -0.0403786
9363.15 -0.0403604
9363.15 -0.0403475
9363.16 -0.0403381
9363.16 -0.0403322
9363.17 -0.0403284
9363.17 -0.0403262
9363.18 -0.0403259
9363.18 -0.0403289
9363.19 -0.0403215
9363.19 -0.0403199
9363.2 -0.0403225
9363.2 -0.040331
9363.21 -0.0403372
9363.21 -0.04033
9363.22 -0.0403202
9363.22 -0.0403122
9363.23 -0.0403079
9363.23 -0.0402898
9363.24 -0.0402636
9363.24 -0.040245
9363.25 -0.040234
9363.25 -0.0402302
9363.26 -0.0402257
9363.26 -0.0402224
9363.27 -0.0402315
9363.27 -0.040241
9363.28 -0.0402499
9363.28 -0.0402561
9363.29 -0.0402659
9363.29 -0.0402775
9363.3 -0.0402895
9363.3 -0.0403024
9363.31 -0.0403106
9363.31 -0.0403193
9363.32 -0.0403257
9363.32 -0.0403312
9363.33 -0.0403346
9363.33 -0.0403359
9363.34 -0.0403248
9363.34 -0.0403185
9363.35 -0.040316
9363.35 -0.0403194
9363.36 -0.0403216
9363.36 -0.0403237
9363.37 -0.0403215
9363.37 -0.0403172
9363.38 -0.0403149
9363.38 -0.0403152
9363.39 -0.0403068
9363.39 -0.0403051
9363.4 -0.040307
9363.4 -0.040314
9363.41 -0.0403175
9363.41 -0.0403037
9363.42 -0.0402852
9363.42 -0.0402679
9363.42 -0.040252
9363.43 -0.0402414
9363.44 -0.0402208
9363.44 -0.0402025
9363.45 -0.0401869
9363.45 -0.0401795
9363.46 -0.040173
9363.46 -0.0401712
9363.47 -0.0401822
9363.47 -0.0401922
9363.48 -0.0402051
9363.48 -0.0402197
9363.49 -0.0402195
9363.49 -0.0402258
9363.5 -0.0402334
9363.5 -0.0402512
9363.51 -0.0402596
9363.51 -0.0402585
9363.52 -0.0402478
9363.52 -0.0402364
9363.53 -0.0402334
9363.53 -0.0402147
9363.54 -0.0401834
9363.54 -0.0401583
9363.55 -0.04014
9363.55 -0.0401255
9363.56 -0.0401021
9363.56 -0.0400785
9363.57 -0.0400586
9363.57 -0.0400418
9363.58 -0.0400392
9363.58 -0.0400379
9363.59 -0.040047
9363.59 -0.0400611
9363.6 -0.0400695
9363.6 -0.0400812
9363.61 -0.0400931
9363.61 -0.0400995
9363.62 -0.0401022
9363.62 -0.0401031
9363.63 -0.0401113
9363.63 -0.0401185
9363.64 -0.0401159
9363.64 -0.0401194
9363.65 -0.0401218
9363.65 -0.0401361
9363.66 -0.0401456
9363.66 -0.0401605
9363.67 -0.0401829
9363.67 -0.0402109
9363.68 -0.040243
9363.68 -0.0402537
9363.69 -0.0402462
9363.69 -0.0402389
9363.7 -0.0402294
9363.7 -0.0402336
9363.71 -0.0402355
9363.71 -0.0402387
9363.72 -0.0402386
9363.72 -0.0402386
9363.73 -0.0402385
9363.73 -0.0402391
9363.74 -0.0402454
9363.74 -0.0402542
9363.75 -0.0402652
9363.75 -0.0402779
9363.76 -0.0402855
9363.76 -0.0402919
9363.77 -0.0402953
9363.77 -0.0402979
9363.78 -0.0403005
9363.78 -0.0402875
9363.79 -0.0402648
9363.79 -0.0402486
9363.8 -0.0402389
9363.8 -0.0402377
9363.81 -0.0402365
9363.81 -0.0402385
9363.82 -0.0402395
9363.82 -0.0402404
9363.83 -0.0402395
9363.83 -0.0402376
9363.84 -0.0402491
9363.84 -0.0402697
9363.85 -0.0402939
9363.85 -0.0403171
9363.86 -0.0403328
9363.86 -0.0403432
9363.87 -0.0403461
9363.87 -0.0403475
9363.88 -0.0403487
9363.88 -0.0403524
9363.89 -0.040356
9363.89 -0.0403624
9363.9 -0.0403674
9363.9 -0.0403719
9363.91 -0.0403756
9363.91 -0.040365
9363.92 -0.0403544
9363.92 -0.0403474
9363.93 -0.040344
9363.93 -0.0403257
9363.94 -0.0402991
9363.94 -0.0402707
9363.95 -0.0402448
9363.95 -0.0402301
9363.96 -0.0402177
9363.96 -0.0402075
9363.97 -0.0402123
9363.97 -0.0402191
9363.98 -0.0402261
9363.98 -0.0402313
9363.99 -0.0402424
9363.99 -0.0402552
9364 -0.0402688
9364 -0.0402833
9364.01 -0.0402893
9364.01 -0.0402806
9364.02 -0.0402699
9364.02 -0.0402614
9364.03 -0.0402564
9364.03 -0.0402529
9364.04 -0.0402383
9364.04 -0.0402282
9364.05 -0.0402237
9364.05 -0.040224
9364.06 -0.0402222
9364.06 -0.0402191
9364.07 -0.0402274
9364.07 -0.0402348
9364.08 -0.0402429
9364.08 -0.0402327
9364.09 -0.0402094
9364.09 -0.0401905
9364.1 -0.0401782
9364.1 -0.0401753
9364.11 -0.0401708
9364.11 -0.0401648
9364.12 -0.0401563
9364.12 -0.0401486
9364.13 -0.0401425
9364.13 -0.040137
9364.14 -0.0401452
9364.14 -0.0401666
9364.15 -0.0401898
9364.15 -0.0402124
9364.16 -0.0402268
9364.16 -0.0402406
9364.17 -0.0402544
9364.17 -0.0402693
9364.18 -0.040285
9364.18 -0.0402847
9364.19 -0.0402817
9364.19 -0.0402814
9364.2 -0.0402803
9364.2 -0.040286
9364.21 -0.0402896
9364.21 -0.0402788
9364.22 -0.0402654
9364.22 -0.0402544
9364.23 -0.0402482
9364.23 -0.0402278
9364.24 -0.0402159
9364.24 -0.0402007
9364.25 -0.0401869
9364.25 -0.0401788
9364.26 -0.0401713
9364.26 -0.0401672
9364.27 -0.0401777
9364.27 -0.0401894
9364.28 -0.040199
9364.28 -0.04019
9364.29 -0.0401865
9364.29 -0.0401873
9364.3 -0.0401914
9364.3 -0.0402001
9364.31 -0.0402046
9364.31 -0.0402103
9364.32 -0.0402128
9364.32 -0.0402158
9364.33 -0.0402175
9364.33 -0.0402033
9364.34 -0.0402017
9364.34 -0.0401987
9364.35 -0.0402016
9364.35 -0.0402109
9364.36 -0.0402159
9364.36 -0.0402202
9364.37 -0.0402216
9364.37 -0.040223
9364.38 -0.0402238
9364.38 -0.040226
9364.39 -0.0402428
9364.39 -0.0402616
9364.4 -0.0402894
9364.4 -0.040314
9364.41 -0.0403295
9364.41 -0.0403422
9364.42 -0.0403506
9364.42 -0.0403562
9364.43 -0.0403595
9364.43 -0.0403624
9364.43 -0.040363
9364.44 -0.040365
9364.45 -0.0403663
9364.45 -0.0403672
9364.46 -0.0403669
9364.46 -0.0403665
9364.47 -0.040364
9364.47 -0.0403627
9364.48 -0.040362
9364.48 -0.0403637
9364.49 -0.0403647
9364.49 -0.0403691
9364.5 -0.0403722
9364.5 -0.0403775
9364.51 -0.0403812
9364.51 -0.040369
9364.52 -0.0403556
9364.52 -0.0403448
9364.53 -0.0403366
9364.53 -0.0403143
9364.53 -0.0402905
9364.54 -0.0402717
9364.55 -0.0402546
9364.55 -0.0402412
9364.56 -0.0402254
9364.56 -0.0402118
9364.57 -0.0402131
9364.57 -0.0402185
9364.58 -0.0402258
9364.58 -0.0402326
9364.59 -0.0402511
9364.59 -0.0402697
9364.6 -0.040283
9364.6 -0.0402938
9364.61 -0.0402997
9364.61 -0.0403041
9364.62 -0.0403039
9364.62 -0.0403078
9364.63 -0.0403116
9364.63 -0.040314
9364.64 -0.040311
9364.64 -0.0403098
9364.65 -0.0403098
9364.65 -0.0403103
9364.66 -0.04031
9364.66 -0.0403116
9364.67 -0.0403153
9364.67 -0.0403236
9364.68 -0.0403296
9364.68 -0.040318
9364.69 -0.0403056
9364.69 -0.0402987
9364.7 -0.0402943
9364.7 -0.0402932
9364.71 -0.0402922
9364.71 -0.040277
9364.72 -0.0402624
9364.72 -0.0402496
9364.73 -0.0402412
9364.73 -0.0402198
9364.74 -0.0402146
9364.74 -0.040199
9364.75 -0.0401845
9364.75 -0.0401758
9364.76 -0.0401671
9364.76 -0.04016
9364.77 -0.0401691
9364.77 -0.0401787
9364.78 -0.0401885
9364.78 -0.0401956
9364.79 -0.0402153
9364.79 -0.0402213
9364.8 -0.0402355
9364.8 -0.0402502
9364.81 -0.040259
9364.81 -0.0402506
9364.82 -0.0402428
9364.82 -0.0402371
9364.83 -0.0402337
9364.83 -0.0402147
9364.83 -0.0401938
9364.84 -0.0401797
9364.85 -0.0401831
9364.85 -0.040193
9364.86 -0.0402004
9364.86 -0.0402067
9364.87 -0.0402272
9364.87 -0.0402449
9364.88 -0.0402591
9364.88 -0.0402703
9364.89 -0.0402943
9364.89 -0.0403191
9364.9 -0.0403373
9364.9 -0.0403516
9364.91 -0.0403599
9364.91 -0.0403675
9364.92 -0.0403722
9364.92 -0.0403754
9364.93 -0.0403764
9364.93 -0.040361
9364.94 -0.0403422
9364.94 -0.0403284
9364.95 -0.0403179
9364.95 -0.0403104
9364.96 -0.0403019
9364.96 -0.0402932
9364.97 -0.0402823
9364.97 -0.0402749
9364.98 -0.0402712
9364.98 -0.0402584
9364.98 -0.0402643
9364.99 -0.0402795
9365 -0.0402919
9365 -0.0403022
9365.01 -0.0403086
9365.01 -0.0403
9365.02 -0.0402929
9365.02 -0.0402893
9365.03 -0.0402874
9365.03 -0.0402684
9365.04 -0.0402606
9365.04 -0.0402559
9365.05 -0.0402478
9365.05 -0.0402425
9365.06 -0.0402369
9365.06 -0.0402334
9365.07 -0.0402466
9365.07 -0.0402593
9365.08 -0.0402707
9365.08 -0.0402626
9365.09 -0.040267
9365.09 -0.0402762
9365.1 -0.0402819
9365.1 -0.0402876
9365.11 -0.0402898
9365.11 -0.0402917
9365.12 -0.0402926
9365.12 -0.0402934
9365.13 -0.0402929
9365.13 -0.0402931
9365.13 -0.0403084
9365.14 -0.0403267
9365.15 -0.0403404
9365.15 -0.0403509
9365.16 -0.0403569
9365.16 -0.040362
9365.17 -0.0403653
9365.17 -0.0403679
9365.18 -0.0403693
9365.18 -0.0403556
9365.19 -0.040339
9365.19 -0.0403273
9365.2 -0.0403162
9365.2 -0.0403079
9365.21 -0.0403011
9365.21 -0.0402811
9365.22 -0.0402631
9365.22 -0.0402484
9365.23 -0.0402388
9365.23 -0.0402169
9365.24 -0.0402113
9365.24 -0.040215
9365.25 -0.0402186
9365.25 -0.0402233
9365.26 -0.0402241
9365.26 -0.040223
9365.27 -0.0402341
9365.27 -0.0402451
9365.28 -0.0402561
9365.28 -0.0402478
9365.28 -0.0402522
9365.29 -0.0402443
9365.3 -0.0402314
9365.3 -0.0402239
9365.31 -0.0402171
9365.31 -0.0401994
9365.32 -0.040187
9365.32 -0.0401805
9365.33 -0.0401765
9365.33 -0.040173
9365.34 -0.0401839
9365.34 -0.0401974
9365.35 -0.0402244
9365.35 -0.0402492
9365.36 -0.0402646
9365.36 -0.0402763
9365.37 -0.0402993
9365.37 -0.0403175
9365.38 -0.0403321
9365.38 -0.0403434
9365.39 -0.0403505
9365.39 -0.0403589
9365.4 -0.0403643
9365.4 -0.0403685
9365.41 -0.0403711
9365.41 -0.040358
9365.42 -0.0403434
9365.42 -0.0403322
9365.43 -0.0403243
9365.43 -0.0403033
9365.43 -0.0402817
9365.44 -0.040265
9365.45 -0.0402534
9365.45 -0.0402449
9365.46 -0.0402386
9365.46 -0.0402338
9365.47 -0.0402449
9365.47 -0.0402577
9365.48 -0.0402679
9365.48 -0.0402599
9365.49 -0.0402649
9365.49 -0.0402725
9365.5 -0.0402793
9365.5 -0.0402832
9365.51 -0.040286
9365.51 -0.0402886
9365.52 -0.0402901
9365.52 -0.0402918
9365.53 -0.040292
9365.53 -0.0402759
9365.54 -0.0402744
9365.54 -0.0402643
9365.55 -0.0402541
9365.55 -0.0402479
9365.56 -0.0402421
9365.56 -0.0402376
9365.57 -0.0402335
9365.57 -0.0402311
9365.58 -0.0402295
9365.58 -0.0402132
9365.58 -0.0402116
9365.59 -0.0402156
9365.6 -0.0402308
9365.6 -0.0402478
9365.61 -0.0402587
9365.61 -0.0402675
9365.62 -0.0402745
9365.62 -0.0402795
9365.63 -0.0402815
9365.63 -0.0402665
9365.64 -0.0402656
9365.64 -0.0402711
9365.65 -0.0402752
9365.65 -0.0402805
9365.66 -0.0402822
9365.66 -0.0402837
9365.67 -0.0402846
9365.67 -0.0402843
9365.68 -0.0402841
9365.68 -0.0402699
9365.69 -0.0402704
9365.69 -0.0402764
9365.7 -0.0402795
9365.7 -0.040283
9365.71 -0.0402835
9365.71 -0.0402683
9365.72 -0.0402534
9365.72 -0.0402402
9365.73 -0.0402302
9365.73 -0.0402076
9365.74 -0.0402002
9365.74 -0.040199
9365.75 -0.0401977
9365.75 -0.0401986
9365.76 -0.0401976
9365.76 -0.0401977
9365.77 -0.0402137
9365.77 -0.0402293
9365.78 -0.0402426
9365.78 -0.0402371
9365.79 -0.0402428
9365.79 -0.0402538
9365.8 -0.0402633
9365.8 -0.040271
9365.81 -0.0402751
9365.81 -0.0402634
9365.82 -0.0402521
9365.82 -0.0402425
9365.83 -0.0402356
9365.83 -0.0402148
9365.84 -0.0402101
9365.84 -0.0402125
9365.85 -0.0402137
9365.85 -0.0402156
9365.86 -0.0402159
9365.86 -0.0402158
9365.87 -0.0402306
9365.87 -0.0402443
9365.88 -0.0402561
9365.88 -0.0402493
9365.89 -0.0402552
9365.89 -0.0402658
9365.9 -0.0402726
9365.9 -0.0402806
9365.91 -0.0402845
9365.91 -0.0402897
9365.92 -0.0402937
9365.92 -0.0402968
9365.93 -0.0402984
9365.93 -0.0402855
9365.94 -0.0402876
9365.94 -0.0402941
9365.95 -0.0402982
9365.95 -0.0403027
9365.96 -0.0403033
9365.96 -0.0403039
9365.97 -0.0403034
9365.97 -0.0403041
9365.98 -0.0403053
9365.98 -0.0402912
9365.99 -0.0402907
9365.99 -0.0402945
9366 -0.0402993
9366 -0.0403033
9366.01 -0.0403048
9366.01 -0.040291
9366.02 -0.040278
9366.02 -0.0402692
9366.03 -0.0402611
9366.03 -0.0402383
9366.04 -0.0402321
9366.04 -0.0402302
9366.05 -0.0402278
9366.05 -0.0402257
9366.06 -0.0402223
9366.06 -0.0402177
9366.07 -0.0402287
9366.07 -0.0402401
9366.08 -0.0402479
9366.08 -0.040239
9366.09 -0.0402438
9366.09 -0.0402532
9366.1 -0.0402628
9366.1 -0.0402708
9366.11 -0.0402746
9366.11 -0.0402794
9366.12 -0.0402848
9366.12 -0.0402905
9366.13 -0.0402942
9366.13 -0.0402822
9366.14 -0.0402851
9366.14 -0.040292
9366.15 -0.0402978
9366.15 -0.0403008
9366.16 -0.0403027
9366.16 -0.0403046
9366.17 -0.0403054
9366.17 -0.0403057
9366.18 -0.040305
9366.18 -0.040305
9366.19 -0.0403185
9366.19 -0.0403329
9366.2 -0.0403436
9366.2 -0.0403497
9366.21 -0.0403444
9366.21 -0.0403338
9366.22 -0.0403217
9366.22 -0.0403147
9366.23 -0.040309
9366.23 -0.0402894
9366.24 -0.0402703
9366.24 -0.0402567
9366.25 -0.040248
9366.25 -0.0402425
9366.26 -0.0402388
9366.26 -0.0402464
9366.27 -0.0402583
9366.27 -0.0402555
9366.28 -0.0402478
9366.28 -0.0402264
9366.29 -0.0402211
9366.29 -0.0402085
9366.3 -0.0401987
9366.3 -0.0401894
9366.31 -0.0401815
9366.31 -0.0401767
9366.32 -0.0401732
9366.32 -0.0401722
9366.33 -0.0401864
9366.33 -0.040185
9366.34 -0.0401957
9366.34 -0.0402096
9366.35 -0.0402345
9366.35 -0.0402545
9366.36 -0.0402695
9366.36 -0.0402817
9366.37 -0.0402887
9366.37 -0.0402932
9366.38 -0.0402953
9366.38 -0.0402992
9366.39 -0.040318
9366.39 -0.0403381
9366.4 -0.0403528
9366.4 -0.0403625
9366.41 -0.0403689
9366.41 -0.0403743
9366.42 -0.040377
9366.42 -0.0403802
9366.43 -0.0403821
9366.43 -0.0403687
9366.44 -0.0403549
9366.44 -0.0403443
9366.45 -0.0403374
9366.45 -0.0403324
9366.46 -0.040328
9366.46 -0.0403253
9366.47 -0.0403233
9366.47 -0.0403238
9366.48 -0.0403249
9366.48 -0.0403105
9366.49 -0.0403134
9366.49 -0.0403179
9366.5 -0.0403234
9366.5 -0.0403267
9366.51 -0.0403288
9366.51 -0.0403322
9366.52 -0.0403337
9366.52 -0.0403348
9366.53 -0.0403331
9366.53 -0.0403149
9366.54 -0.0403141
9366.54 -0.0403141
9366.55 -0.0403163
9366.55 -0.0403167
9366.56 -0.0403159
9366.56 -0.0403153
9366.57 -0.0403131
9366.57 -0.0403125
9366.58 -0.0403116
9366.58 -0.0402962
9366.59 -0.0402965
9366.59 -0.0402988
9366.6 -0.0403027
9366.6 -0.0403037
9366.61 -0.0403023
9366.61 -0.0402993
9366.62 -0.0402939
9366.62 -0.0402908
9366.63 -0.0402861
9366.63 -0.0402653
9366.64 -0.0402583
9366.64 -0.0402566
9366.65 -0.0402589
9366.65 -0.0402599
9366.66 -0.0402606
9366.66 -0.040263
9366.67 -0.0402663
9366.67 -0.0402705
9366.68 -0.0402724
9366.68 -0.0402603
9366.69 -0.0402637
9366.69 -0.040275
9366.7 -0.0402859
9366.7 -0.0402922
9366.71 -0.0402962
9366.71 -0.0403007
9366.72 -0.0403024
9366.72 -0.0403041
9366.73 -0.0403048
9366.73 -0.0402891
9366.74 -0.0402875
9366.74 -0.0402932
9366.75 -0.0402993
9366.75 -0.0403003
9366.76 -0.0402971
9366.76 -0.0402905
9366.77 -0.0402827
9366.77 -0.040262
9366.78 -0.0402421
9366.78 -0.0402119
9366.79 -0.0402035
9366.79 -0.0402018
9366.8 -0.0402003
9366.8 -0.0401962
9366.81 -0.0401942
9366.81 -0.0401978
9366.82 -0.0402043
9366.82 -0.0402107
9366.83 -0.0402305
9366.83 -0.0402338
9366.84 -0.0402502
9366.84 -0.0402644
9366.85 -0.0402763
9366.85 -0.0402848
9366.86 -0.0402907
9366.86 -0.0402957
9366.87 -0.040297
9366.87 -0.0402982
9366.88 -0.0402985
9366.88 -0.0402845
9366.89 -0.0402872
9366.89 -0.0402918
9366.9 -0.0402976
9366.9 -0.0403029
9366.91 -0.0403051
9366.91 -0.0403087
9366.92 -0.0403104
9366.92 -0.0403121
9366.93 -0.0403126
9366.93 -0.0403147
9366.94 -0.0403309
9366.94 -0.0403468
9366.95 -0.0403589
9366.95 -0.040366
9366.96 -0.0403693
9366.96 -0.0403714
9366.97 -0.0403707
9366.97 -0.0403711
9366.98 -0.0403714
9366.98 -0.0403766
9366.99 -0.0403825
9366.99 -0.0403884
9367 -0.040391
9367 -0.0403924
9367.01 -0.0403923
9367.01 -0.0403922
9367.02 -0.0403915
9367.02 -0.040376
9367.03 -0.0403579
9367.03 -0.0403255
9367.04 -0.0402907
9367.04 -0.040251
9367.05 -0.0402148
9367.05 -0.0401864
9367.06 -0.0401626
9367.06 -0.040146
9367.07 -0.0401337
9367.07 -0.0401267
9367.08 -0.0401373
9367.08 -0.0401357
9367.09 -0.0401496
9367.09 -0.0401649
9367.1 -0.0401874
9367.1 -0.0402095
9367.11 -0.0402268
9367.11 -0.0402437
9367.12 -0.0402528
9367.12 -0.0402601
9367.13 -0.040261
9367.13 -0.0402437
9367.14 -0.0402395
9367.14 -0.0402393
9367.15 -0.0402431
9367.15 -0.040244
9367.16 -0.0402414
9367.16 -0.0402358
9367.17 -0.0402294
9367.17 -0.0402284
9367.18 -0.0402258
9367.18 -0.0402245
9367.19 -0.0402346
9367.19 -0.0402484
9367.2 -0.0402601
9367.2 -0.0402634
9367.21 -0.0402618
9367.21 -0.0402593
9367.22 -0.0402538
9367.22 -0.0402522
9367.23 -0.0402464
9367.23 -0.0402231
9367.24 -0.0401971
9367.24 -0.0401856
9367.25 -0.0401821
9367.25 -0.0401753
9367.26 -0.0401655
9367.26 -0.0401526
9367.27 -0.0401457
9367.27 -0.0401512
9367.28 -0.0401502
9367.28 -0.0401299
9367.29 -0.0401205
9367.29 -0.0401217
9367.3 -0.0401199
9367.3 -0.0401117
9367.31 -0.0401028
9367.31 -0.0401027
9367.32 -0.0401127
9367.32 -0.0401244
9367.33 -0.0401247
9367.33 -0.0401043
9367.34 -0.0400956
9367.34 -0.0401025
9367.35 -0.0401152
9367.35 -0.040128
9367.36 -0.0401405
9367.36 -0.0401473
9367.37 -0.0401512
9367.37 -0.0401557
9367.38 -0.0401575
9367.38 -0.0401508
9367.39 -0.0401679
9367.39 -0.0401955
9367.4 -0.0402211
9367.4 -0.0402362
9367.41 -0.040245
9367.41 -0.0402525
9367.42 -0.0402661
9367.42 -0.0402783
9367.43 -0.0402857
9367.43 -0.0402922
9367.44 -0.0403116
9367.44 -0.0403293
9367.45 -0.0403447
9367.45 -0.0403532
9367.46 -0.0403584
9367.46 -0.0403625
9367.47 -0.040364
9367.47 -0.0403653
9367.48 -0.0403673
9367.48 -0.0403547
9367.49 -0.0403402
9367.49 -0.0403294
9367.5 -0.0403215
9367.5 -0.0403159
9367.51 -0.0403098
9367.51 -0.0402956
9367.52 -0.0402818
9367.52 -0.0402585
9367.53 -0.0402381
9367.53 -0.0402059
9367.54 -0.0401962
9367.54 -0.0401933
9367.55 -0.0401947
9367.55 -0.0401944
9367.56 -0.0401919
9367.56 -0.0401908
9367.57 -0.0401993
9367.57 -0.0402095
9367.58 -0.0402292
9367.58 -0.0402292
9367.59 -0.0402372
9367.59 -0.0402425
9367.6 -0.0402466
9367.6 -0.0402435
9367.61 -0.0402367
9367.61 -0.0402286
9367.62 -0.0402178
9367.62 -0.0402104
9367.63 -0.0402026
9367.63 -0.0401785
9367.64 -0.0401682
9367.64 -0.0401679
9367.65 -0.0401716
9367.65 -0.0401712
9367.66 -0.0401673
9367.66 -0.0401659
9367.67 -0.0401692
9367.67 -0.0401779
9367.68 -0.0401811
9367.68 -0.040164
9367.69 -0.040165
9367.69 -0.0401753
9367.7 -0.0401866
9367.7 -0.040189
9367.71 -0.0401862
9367.71 -0.0401816
9367.72 -0.040172
9367.72 -0.0401677
9367.73 -0.040159
9367.73 -0.0401334
9367.74 -0.0401213
9367.74 -0.0401167
9367.75 -0.0401145
9367.75 -0.0401089
9367.76 -0.0400997
9367.76 -0.0400958
9367.77 -0.040101
9367.77 -0.0400995
9367.78 -0.0400872
9367.78 -0.0400569
9367.79 -0.0400403
9367.79 -0.0400394
9367.8 -0.0400389
9367.8 -0.0400349
9367.81 -0.040026
9367.81 -0.0400188
9367.82 -0.0400156
9367.82 -0.0399992
9367.83 -0.0399896
9367.83 -0.039964
9367.84 -0.0399517
9367.84 -0.0399563
9367.85 -0.0399679
9367.85 -0.0399726
9367.86 -0.0399681
9367.86 -0.0399551
9367.87 -0.0399515
9367.87 -0.0399546
9367.88 -0.0399656
9367.88 -0.0399589
9367.89 -0.0399606
9367.89 -0.0399786
9367.9 -0.039982
9367.9 -0.0399663
9367.91 -0.0399455
9367.91 -0.0399388
9367.92 -0.0399506
9367.92 -0.0399634
9367.93 -0.0399703
9367.93 -0.0399834
9367.94 -0.0400202
9367.94 -0.0400696
9367.95 -0.0401093
9367.95 -0.0401516
9367.96 -0.0401957
9367.96 -0.0402428
9367.97 -0.0402796
9367.97 -0.0403072
9367.98 -0.0403267
9367.98 -0.0403401
9367.99 -0.040347
9367.99 -0.0403518
9368 -0.0403541
9368 -0.0403551
9368.01 -0.0403538
9368.01 -0.0403516
9368.02 -0.04035
9368.02 -0.0403338
9368.03 -0.0403147
9368.03 -0.0402986
9368.04 -0.0402833
9368.04 -0.0402734
9368.05 -0.0402677
9368.05 -0.0402623
9368.06 -0.0402551
9368.06 -0.0402502
9368.07 -0.0402474
9368.07 -0.0402465
9368.08 -0.0402594
9368.08 -0.0402566
9368.09 -0.0402464
9368.09 -0.0402395
9368.1 -0.0402334
9368.1 -0.0402229
9368.11 -0.0402099
9368.11 -0.0402009
9368.12 -0.0401944
9368.12 -0.0401906
9368.13 -0.0401808
9368.13 -0.0401693
9368.14 -0.0401691
9368.14 -0.0401762
9368.15 -0.0401866
9368.15 -0.0401945
9368.16 -0.0401959
9368.16 -0.0402
9368.17 -0.040205
9368.17 -0.0402102
9368.18 -0.0402095
9368.18 -0.0402086
9368.19 -0.0402093
9368.19 -0.0402208
9368.2 -0.0402335
9368.2 -0.0402364
9368.21 -0.0402319
9368.21 -0.0402309
9368.22 -0.040236
9368.22 -0.0402426
9368.23 -0.0402469
9368.23 -0.0402554
9368.24 -0.0402681
9368.24 -0.0402853
9368.25 -0.0402989
9368.25 -0.0403071
9368.26 -0.040315
9368.26 -0.0403182
9368.27 -0.040319
9368.27 -0.040315
9368.28 -0.0403093
9368.28 -0.0403056
9368.29 -0.0403002
9368.29 -0.040296
9368.3 -0.0402885
9368.3 -0.0402801
9368.31 -0.0402721
9368.31 -0.0402665
9368.32 -0.0402736
9368.32 -0.0402711
9368.33 -0.040266
9368.33 -0.0402509
9368.34 -0.0402333
9368.34 -0.040221
9368.35 -0.0402151
9368.35 -0.0402124
9368.36 -0.0402118
9368.36 -0.0402134
9368.37 -0.0402154
9368.37 -0.0402158
9368.38 -0.0402293
9368.38 -0.0402431
9368.39 -0.0402633
9368.39 -0.0402855
9368.4 -0.0402989
9368.4 -0.0403034
9368.41 -0.0403022
9368.41 -0.0403008
9368.41 -0.0402987
9368.42 -0.0402979
9368.43 -0.040294
9368.43 -0.0402932
9368.44 -0.0402938
9368.44 -0.0402974
9368.45 -0.0402974
9368.45 -0.0402976
9368.46 -0.0402954
9368.46 -0.0402955
9368.47 -0.0402963
9368.47 -0.0403002
9368.48 -0.040301
9368.48 -0.0403027
9368.49 -0.0402959
9368.49 -0.0402906
9368.5 -0.0402829
9368.5 -0.0402743
9368.51 -0.0402643
9368.51 -0.0402556
9368.52 -0.0402484
9368.52 -0.0402408
9368.53 -0.0402287
9368.53 -0.0402042
9368.54 -0.0401791
9368.54 -0.0401577
9368.55 -0.0401254
9368.55 -0.0400943
9368.56 -0.0400662
9368.56 -0.0400512
9368.57 -0.0400461
9368.57 -0.0400316
9368.58 -0.0400146
9368.58 -0.0399806
9368.59 -0.0399566
9368.59 -0.0399444
9368.6 -0.0399375
9368.6 -0.0399391
9368.61 -0.0399383
9368.61 -0.0399377
9368.62 -0.0399261
9368.62 -0.0399047
9368.63 -0.039888
9368.63 -0.0398721
9368.64 -0.0398814
9368.64 -0.0398928
9368.65 -0.0398898
9368.65 -0.0398832
9368.66 -0.0398742
9368.66 -0.0398764
9368.67 -0.0398873
9368.67 -0.0399025
9368.68 -0.0399143
9368.68 -0.0399303
9368.69 -0.0399545
9368.69 -0.0399781
9368.7 -0.0400018
9368.7 -0.0400219
9368.71 -0.0400349
9368.71 -0.0400541
9368.72 -0.0400712
9368.72 -0.0400888
9368.73 -0.0401072
9368.73 -0.040135
9368.74 -0.0401634
9368.74 -0.0401857
9368.75 -0.0401933
9368.75 -0.0401915
9368.76 -0.0401866
9368.76 -0.0401823
9368.77 -0.0401767
9368.77 -0.0401569
9368.78 -0.0401259
9368.78 -0.0400884
9368.79 -0.0400521
9368.79 -0.0400202
9368.8 -0.0399937
9368.8 -0.0399682
9368.81 -0.0399446
9368.81 -0.0399275
9368.81 -0.0399327
9368.82 -0.0399339
9368.83 -0.0399459
9368.83 -0.0399686
9368.84 -0.0399983
9368.84 -0.0400182
9368.85 -0.0400081
9368.85 -0.0399836
9368.86 -0.0399601
9368.86 -0.03994
9368.87 -0.0399385
9368.87 -0.0399023
9368.88 -0.0398636
9368.88 -0.0398297
9368.89 -0.0398072
9368.89 -0.0397782
9368.9 -0.0397444
9368.9 -0.0397291
9368.91 -0.0397262
9368.91 -0.0397487
9368.92 -0.0397864
9368.92 -0.0398192
9368.93 -0.0398759
9368.93 -0.0399402
9368.94 -0.0399975
9368.94 -0.0400362
9368.95 -0.0400789
9368.95 -0.0401319
9368.96 -0.04019
9368.96 -0.0402432
9368.97 -0.0402771
9368.97 -0.0403018
9368.98 -0.040317
9368.98 -0.0403281
9368.99 -0.0403332
9368.99 -0.0403371
9369 -0.0403355
9369 -0.0403314
9369.01 -0.0403257
9369.01 -0.0403185
9369.02 -0.0403104
9369.02 -0.0402899
9369.03 -0.0402702
9369.03 -0.0402563
9369.04 -0.0402483
9369.04 -0.0402369
9369.05 -0.0402167
9369.05 -0.0402005
9369.06 -0.0401865
9369.06 -0.0401775
9369.07 -0.0401745
9369.07 -0.040158
9369.08 -0.0401518
9369.08 -0.0401474
9369.09 -0.0401446
9369.09 -0.040142
9369.1 -0.0401465
9369.1 -0.040157
9369.11 -0.0401653
9369.11 -0.0401716
9369.12 -0.0401749
9369.12 -0.0401496
9369.13 -0.0401334
9369.13 -0.0401272
9369.14 -0.0401174
9369.14 -0.0401023
9369.15 -0.0400813
9369.15 -0.0400582
9369.16 -0.0400356
9369.16 -0.0400206
9369.17 -0.0400144
9369.17 -0.0400087
9369.18 -0.0400229
9369.18 -0.0400433
9369.19 -0.0400608
9369.19 -0.0400838
9369.2 -0.0401045
9369.2 -0.0401199
9369.21 -0.0401299
9369.21 -0.0401451
9369.22 -0.0401593
9369.22 -0.0401561
9369.23 -0.0401525
9369.23 -0.0401585
9369.24 -0.0401688
9369.24 -0.0401778
9369.25 -0.0401787
9369.25 -0.040173
9369.26 -0.0401655
9369.26 -0.0401563
9369.27 -0.0401444
9369.27 -0.0401038
9369.28 -0.0400714
9369.28 -0.0400486
9369.29 -0.0400315
9369.29 -0.0400188
9369.3 -0.0400044
9369.3 -0.0399869
9369.31 -0.0399764
9369.31 -0.0399823
9369.32 -0.0400009
9369.32 -0.039991
9369.33 -0.039996
9369.33 -0.0399999
9369.34 -0.0400018
9369.34 -0.0400053
9369.35 -0.0399931
9369.35 -0.0399738
9369.36 -0.039963
9369.36 -0.0399521
9369.37 -0.0399404
9369.37 -0.0398996
9369.38 -0.0398811
9369.38 -0.0398775
9369.39 -0.0398935
9369.39 -0.0398978
9369.4 -0.0398808
9369.4 -0.0398651
9369.41 -0.0398585
9369.41 -0.0398662
9369.42 -0.0398832
9369.42 -0.0399003
9369.43 -0.0399447
9369.43 -0.0399981
9369.44 -0.040047
9369.44 -0.0400814
9369.45 -0.0400983
9369.45 -0.040112
9369.46 -0.040121
9369.46 -0.0401304
9369.47 -0.0401327
9369.47 -0.0401162
9369.48 -0.0400843
9369.48 -0.0400521
9369.49 -0.0400296
9369.49 -0.0400141
9369.5 -0.0399818
9369.5 -0.0399609
9369.51 -0.0399459
9369.51 -0.0399474
9369.52 -0.039953
9369.52 -0.0399635
9369.53 -0.0399901
9369.53 -0.0400291
9369.54 -0.040068
9369.54 -0.0400796
9369.55 -0.0400641
9369.55 -0.0400534
9369.56 -0.0400435
9369.56 -0.0400483
9369.57 -0.0400583
9369.57 -0.0400428
9369.58 -0.0399935
9369.58 -0.0399336
9369.59 -0.0398812
9369.59 -0.0398428
9369.6 -0.0398088
9369.6 -0.0397859
9369.61 -0.0397662
9369.61 -0.0397496
9369.62 -0.0397391
9369.62 -0.0397028
9369.63 -0.0396662
9369.63 -0.0396581
9369.64 -0.0396784
9369.64 -0.0396829
9369.65 -0.0396637
9369.65 -0.0396447
9369.66 -0.0396393
9369.66 -0.0396619
9369.67 -0.0397017
9369.67 -0.0397347
9369.68 -0.0397599
9369.68 -0.0398015
9369.69 -0.0398444
9369.69 -0.0398729
9369.69 -0.0399114
9369.7 -0.0399632
9369.71 -0.0400271
9369.71 -0.040088
9369.72 -0.040128
9369.72 -0.040157
9369.73 -0.0401779
9369.73 -0.0402216
9369.74 -0.0402656
9369.74 -0.04029
9369.74 -0.0402998
9369.75 -0.0403033
9369.76 -0.0403034
9369.76 -0.0402947
9369.77 -0.0402789
9369.77 -0.0402545
9369.78 -0.0402275
9369.78 -0.0402063
9369.79 -0.04019
9369.79 -0.0401782
9369.8 -0.0401779
9369.8 -0.0401858
9369.81 -0.0401943
9369.81 -0.0402024
9369.82 -0.0402169
9369.82 -0.0402263
9369.83 -0.0402364
9369.83 -0.040251
9369.84 -0.040263
9369.84 -0.0402629
9369.85 -0.0402556
9369.85 -0.0402466
9369.86 -0.0402395
9369.86 -0.0402359
9369.87 -0.0402322
9369.87 -0.0402204
9369.88 -0.0402127
9369.88 -0.0402158
9369.89 -0.0402198
9369.89 -0.0402238
9369.89 -0.0402359
9369.9 -0.0402524
9369.91 -0.0402678
9369.91 -0.0402798
9369.92 -0.040287
9369.92 -0.0402918
9369.93 -0.040304
9369.93 -0.0403219
9369.94 -0.0403364
9369.94 -0.0403475
9369.95 -0.0403552
9369.95 -0.0403608
9369.96 -0.0403646
9369.96 -0.0403679
9369.97 -0.0403693
9369.97 -0.0403614
9369.98 -0.040337
9369.98 -0.0403116
9369.99 -0.0402915
9369.99 -0.0402781
9370 -0.0402679
9370 -0.0402615
9370.01 -0.0402564
9370.01 -0.0402442
9370.02 -0.0402316
9370.02 -0.0402135
9370.03 -0.0402025
9370.03 -0.0402134
9370.04 -0.0402307
9370.04 -0.0402351
9370.04 -0.0402297
9370.05 -0.0402225
9370.06 -0.0402152
9370.06 -0.0402108
9370.07 -0.0402158
9370.07 -0.0402133
9370.08 -0.040212
9370.08 -0.0402167
9370.09 -0.0402202
9370.09 -0.0402223
9370.1 -0.0402327
9370.1 -0.0402487
9370.11 -0.0402661
9370.11 -0.0402835
9370.12 -0.0402951
9370.12 -0.0402931
9370.13 -0.0402891
9370.13 -0.0402933
9370.14 -0.040298
9370.14 -0.0402925
9370.15 -0.0402807
9370.15 -0.0402679
9370.16 -0.0402583
9370.16 -0.0402475
9370.17 -0.0402367
9370.17 -0.0402278
9370.18 -0.0402325
9370.18 -0.0402481
9370.19 -0.0402609
9370.19 -0.0402708
9370.2 -0.0402867
9370.2 -0.0403058
9370.21 -0.0403243
9370.21 -0.0403392
9370.22 -0.0403511
9370.22 -0.0403602
9370.23 -0.0403682
9370.23 -0.040375
9370.24 -0.0403805
9370.24 -0.0403764
9370.25 -0.0403663
9370.25 -0.0403564
9370.26 -0.040349
9370.26 -0.0403446
9370.27 -0.0403395
9370.27 -0.0403264
9370.28 -0.0403067
9370.28 -0.0402909
9370.29 -0.0402784
9370.29 -0.0402695
9370.3 -0.0402718
9370.3 -0.0402805
9370.31 -0.0402895
9370.31 -0.0402966
9370.32 -0.0402868
9370.32 -0.0402661
9370.33 -0.0402489
9370.33 -0.0402394
9370.34 -0.0402369
9370.34 -0.0402241
9370.35 -0.0402045
9370.35 -0.040184
9370.36 -0.0401663
9370.36 -0.0401419
9370.37 -0.0401145
9370.37 -0.0400938
9370.38 -0.0400842
9370.38 -0.0400871
9370.39 -0.0400961
9370.39 -0.0401001
9370.4 -0.0401131
9370.4 -0.0401334
9370.41 -0.040154
9370.41 -0.0401728
9370.42 -0.0401978
9370.42 -0.0402251
9370.43 -0.0402587
9370.43 -0.0402919
9370.44 -0.0403174
9370.44 -0.0403266
9370.45 -0.0403261
9370.45 -0.0403234
9370.46 -0.0403204
9370.46 -0.0403193
9370.47 -0.0403176
9370.47 -0.040317
9370.48 -0.0403175
9370.48 -0.0403185
9370.49 -0.0403186
9370.49 -0.0403199
9370.5 -0.0403293
9370.5 -0.0403431
9370.51 -0.0403493
9370.51 -0.0403461
9370.52 -0.0403399
9370.52 -0.0403267
9370.53 -0.0403104
9370.53 -0.0402981
9370.54 -0.0402902
9370.54 -0.0402757
9370.55 -0.040257
9370.55 -0.0402407
9370.56 -0.0402282
9370.56 -0.0402168
9370.57 -0.0402082
9370.57 -0.0401907
9370.58 -0.0401781
9370.58 -0.0401735
9370.59 -0.0401705
9370.59 -0.0401673
9370.6 -0.0401735
9370.6 -0.0401857
9370.61 -0.0401991
9370.61 -0.0402092
9370.62 -0.0402207
9370.62 -0.0402239
9370.63 -0.0402274
9370.63 -0.0402357
9370.64 -0.0402438
9370.64 -0.0402397
9370.65 -0.0402291
9370.65 -0.0402195
9370.66 -0.0402117
9370.66 -0.0402049
9370.67 -0.0401998
9370.67 -0.0401996
9370.68 -0.0402129
9370.68 -0.0402348
9370.69 -0.0402534
9370.69 -0.0402667
9370.7 -0.0402855
9370.7 -0.0403067
9370.71 -0.0403242
9370.71 -0.0403383
9370.72 -0.0403471
9370.72 -0.0403545
9370.73 -0.0403605
9370.73 -0.0403659
9370.74 -0.0403702
9370.74 -0.0403649
9370.75 -0.0403537
9370.75 -0.040343
9370.76 -0.0403349
9370.76 -0.0403203
9370.77 -0.040301
9370.77 -0.0402837
9370.78 -0.0402721
9370.78 -0.0402645
9370.79 -0.0402582
9370.79 -0.040254
9370.8 -0.0402599
9370.8 -0.0402711
9370.81 -0.040282
9370.81 -0.0402912
9370.82 -0.0403063
9370.82 -0.0403146
9370.83 -0.0403135
9370.83 -0.0403091
9370.84 -0.0403056
9370.84 -0.0402917
9370.85 -0.0402718
9370.85 -0.0402513
9370.86 -0.0402345
9370.86 -0.0402142
9370.87 -0.0401903
9370.87 -0.0401596
9370.88 -0.0401396
9370.88 -0.0401338
9370.89 -0.0401322
9370.89 -0.0401316
9370.9 -0.040142
9370.9 -0.0401593
9370.91 -0.040177
9370.91 -0.0401922
9370.92 -0.0402106
9370.92 -0.040231
9370.93 -0.0402585
9370.93 -0.0402867
9370.94 -0.0403084
9370.94 -0.0403245
9370.95 -0.0403368
9370.95 -0.0403458
9370.96 -0.0403521
9370.96 -0.040357
9370.97 -0.0403603
9370.97 -0.0403636
9370.98 -0.0403681
9370.98 -0.0403729
9370.99 -0.0403773
9370.99 -0.0403818
9371 -0.0403846
9371 -0.0403859
9371.01 -0.0403869
9371.01 -0.0403877
9371.01 -0.0403355
9371.02 -0.0402904
9371.02 -0.040233
9371.03 -0.0401604
9371.04 -0.0400692
9371.04 -0.0399723
9371.05 -0.039871
9371.05 -0.0397665
9371.06 -0.0396617
9371.06 -0.0395553
9371.07 -0.0394482
9371.07 -0.0393929
9371.08 -0.0393301
9371.08 -0.0392806
9371.09 -0.0392456
9371.09 -0.0392301
9371.1 -0.0392212
9371.1 -0.0392184
9371.11 -0.0392209
9371.11 -0.0392254
9371.12 -0.0392314
9371.12 -0.0392393
9371.13 -0.0392492
9371.13 -0.0392611
9371.14 -0.0392724
9371.14 -0.0392828
9371.15 -0.0392922
9371.15 -0.0393006
9371.16 -0.039309
9371.16 -0.0393154
9371.17 -0.0393204
9371.17 -0.0393251
9371.18 -0.0393318
9371.18 -0.03934
9371.19 -0.0393484
9371.19 -0.0393577
9371.2 -0.0393689
9371.2 -0.0393808
9371.21 -0.0393941
9371.21 -0.0394077
9371.22 -0.0394219
9371.22 -0.0394365
9371.23 -0.0394536
9371.23 -0.0394694
9371.24 -0.0394842
9371.24 -0.0394989
9371.25 -0.0395135
9371.25 -0.0395278
9371.26 -0.0395418
9371.26 -0.0395549
9371.27 -0.0395658
9371.27 -0.0395759
9371.28 -0.0395876
9371.28 -0.0395985
9371.29 -0.0396073
9371.29 -0.039616
9371.3 -0.0396224
9371.3 -0.0396265
9371.31 -0.0396305
9371.31 -0.0396318
9371.32 -0.0396305
9371.32 -0.0396285
9371.33 -0.0396282
9371.33 -0.0396278
9371.34 -0.039629
9371.34 -0.0396259
9371.35 -0.0396188
9371.35 -0.0396105
9371.36 -0.0396063
9371.36 -0.0396019
9371.37 -0.0395991
9371.37 -0.0396006
9371.38 -0.0396092
9371.38 -0.0396195
9371.39 -0.0396306
9371.39 -0.0396419
9371.4 -0.0396596
9371.4 -0.0396821
9371.41 -0.0397078
9371.41 -0.0397264
9371.42 -0.0397418
9371.42 -0.0397573
9371.43 -0.0397726
9371.43 -0.0397843
9371.44 -0.039795
9371.44 -0.0397987
9371.45 -0.0397979
9371.45 -0.0397964
9371.46 -0.0397958
9371.46 -0.0397972
9371.47 -0.0398046
9371.47 -0.0398164
9371.48 -0.0398299
9371.48 -0.0398414
9371.49 -0.0398509
9371.49 -0.0398594
9371.5 -0.0398729
9371.5 -0.0398887
9371.51 -0.0399041
9371.51 -0.0398954
9371.52 -0.0398749
9371.52 -0.0398681
9371.53 -0.0398794
9371.53 -0.0399004
9371.54 -0.0399323
9371.54 -0.0399691
9371.55 -0.0400095
9371.55 -0.0400531
9371.56 -0.0400992
9371.56 -0.0401459
9371.57 -0.0402139
9371.57 -0.0402887
9371.58 -0.0403496
9371.58 -0.0403922
9371.59 -0.0404246
9371.59 -0.0404461
9371.6 -0.0404611
9371.6 -0.0404708
9371.61 -0.0404767
9371.61 -0.0404824
9371.62 -0.0404865
9371.62 -0.0404908
9371.63 -0.0404961
9371.63 -0.0404997
9371.64 -0.0405018
9371.64 -0.0405039
9371.65 -0.0405064
9371.65 -0.0405082
9371.66 -0.0405113
9371.66 -0.0405139
9371.67 -0.0405143
9371.67 -0.0405139
9371.68 -0.0405138
9371.68 -0.0405144
9371.69 -0.0405141
9371.69 -0.0405145
9371.7 -0.0405133
9371.7 -0.0405113
9371.71 -0.0405107
9371.71 -0.040506
9371.72 -0.0404987
9371.72 -0.0404915
9371.73 -0.040486
9371.73 -0.0404812
9371.74 -0.0404766
9371.74 -0.0404694
9371.75 -0.0404604
9371.75 -0.0404518
9371.76 -0.040445
9371.76 -0.0404355
9371.77 -0.0404284
9371.77 -0.0404247
9371.78 -0.0404235
9371.78 -0.0404229
9371.79 -0.0404218
9371.79 -0.0404212
9371.8 -0.0404243
9371.8 -0.0404293
9371.81 -0.0404349
9371.81 -0.0404403
9371.82 -0.0404481
9371.82 -0.0404575
9371.83 -0.0404649
9371.83 -0.0404694
9371.84 -0.0404718
9371.84 -0.0404689
9371.85 -0.0404628
9371.85 -0.0404565
9371.86 -0.0404518
9371.86 -0.0404422
9371.87 -0.0404285
9371.87 -0.0404155
9371.88 -0.0404057
9371.88 -0.0403986
9371.89 -0.0403932
9371.89 -0.0403901
9371.9 -0.0403928
9371.9 -0.0403978
9371.91 -0.0404033
9371.91 -0.0404078
9371.92 -0.0404158
9371.92 -0.0404258
9371.93 -0.0404352
9371.93 -0.0404421
9371.94 -0.0404473
9371.94 -0.0404457
9371.95 -0.0404398
9371.95 -0.040432
9371.96 -0.0404265
9371.96 -0.0404158
9371.97 -0.0404014
9371.97 -0.0403878
9371.98 -0.0403791
9371.98 -0.0403725
9371.99 -0.0403667
9371.99 -0.040362
9372 -0.0403625
9372 -0.0403654
9372.01 -0.0403585
9372.01 -0.0403497
9372.02 -0.0403463
9372.02 -0.0403453
9372.03 -0.0403499
9372.03 -0.0403533
9372.04 -0.0403538
9372.04 -0.0403448
9372.05 -0.0403299
9372.05 -0.0403135
9372.06 -0.0403015
9372.06 -0.0402931
9372.07 -0.0402797
9372.07 -0.0402674
9372.08 -0.0402605
9372.08 -0.0402528
9372.09 -0.0402471
9372.09 -0.0402449
9372.1 -0.040242
9372.1 -0.0402401
9372.11 -0.0402416
9372.11 -0.0402381
9372.12 -0.0402403
9372.12 -0.0402414
9372.13 -0.0402406
9372.13 -0.0402399
9372.14 -0.04024
9372.14 -0.040232
9372.15 -0.0402197
9372.15 -0.0402188
9372.16 -0.0402262
9372.16 -0.0402355
9372.17 -0.0402472
9372.17 -0.0402609
9372.18 -0.0402815
9372.18 -0.040303
9372.19 -0.0403193
9372.19 -0.0403307
9372.2 -0.0403454
9372.2 -0.0403619
9372.21 -0.0403759
9372.21 -0.0403867
9372.22 -0.0403936
9372.22 -0.0403997
9372.23 -0.0404048
9372.23 -0.0404086
9372.23 -0.0404116
9372.24 -0.0404061
9372.25 -0.0403958
9372.25 -0.0403855
9372.26 -0.0403782
9372.26 -0.0403719
9372.27 -0.040355
9372.27 -0.0403407
9372.28 -0.0403294
9372.28 -0.0403213
9372.28 -0.0403147
9372.29 -0.0403101
9372.3 -0.0403143
9372.3 -0.0403237
9372.31 -0.0403343
9372.31 -0.0403424
9372.32 -0.0403369
9372.32 -0.0403409
9372.33 -0.0403461
9372.33 -0.04035
9372.33 -0.0403529
9372.34 -0.0403476
9372.35 -0.040336
9372.35 -0.0403261
9372.36 -0.0403189
9372.36 -0.0403132
9372.37 -0.0402957
9372.37 -0.0402926
9372.38 -0.0402934
9372.38 -0.0402933
9372.38 -0.0402926
9372.39 -0.0402919
9372.4 -0.0402991
9372.4 -0.0403114
9372.41 -0.0403075
9372.41 -0.0403007
9372.42 -0.0402822
9372.42 -0.0402769
9372.43 -0.0402758
9372.43 -0.0402751
9372.43 -0.040275
9372.44 -0.0402677
9372.45 -0.040256
9372.45 -0.0402428
9372.46 -0.0402327
9372.46 -0.0402386
9372.47 -0.0402475
9372.47 -0.040266
9372.48 -0.0402852
9372.48 -0.0402985
9372.48 -0.0403083
9372.49 -0.0403144
9372.5 -0.0403251
9372.5 -0.0403385
9372.51 -0.0403379
9372.51 -0.0403342
9372.52 -0.040319
9372.52 -0.0403043
9372.53 -0.0402936
9372.53 -0.0402849
9372.53 -0.0402787
9372.54 -0.0402732
9372.55 -0.0402687
9372.55 -0.040263
9372.56 -0.0402412
9372.56 -0.0402303
9372.57 -0.0401989
9372.57 -0.0401645
9372.58 -0.0401189
9372.58 -0.0400635
9372.58 -0.0399983
9372.59 -0.0399222
9372.6 -0.0398403
9372.6 -0.0397562
9372.61 -0.0396767
9372.61 -0.0396178
9372.62 -0.0395627
9372.62 -0.0395287
9372.63 -0.0395074
9372.63 -0.0394944
9372.64 -0.0394883
9372.64 -0.0394881
9372.65 -0.039496
9372.65 -0.0395091
9372.66 -0.0395254
9372.66 -0.0395401
9372.67 -0.0395512
9372.67 -0.0395617
9372.68 -0.0395725
9372.68 -0.0395841
9372.68 -0.039594
9372.69 -0.0396021
9372.7 -0.0396086
9372.7 -0.0396145
9372.71 -0.039622
9372.71 -0.0396302
9372.72 -0.0396385
9372.72 -0.0396481
9372.73 -0.0396576
9372.73 -0.0396668
9372.74 -0.0396749
9372.74 -0.0396848
9372.75 -0.0396961
9372.75 -0.0397078
9372.76 -0.039721
9372.76 -0.0397319
9372.77 -0.0397414
9372.77 -0.039751
9372.78 -0.0397597
9372.78 -0.0397682
9372.78 -0.0397753
9372.79 -0.0397828
9372.8 -0.0397887
9372.8 -0.0397935
9372.81 -0.0398
9372.81 -0.0398058
9372.82 -0.0398131
9372.82 -0.0398202
9372.83 -0.0398261
9372.83 -0.039832
9372.83 -0.0398383
9372.84 -0.0398457
9372.85 -0.039854
9372.85 -0.0398626
9372.86 -0.0398728
9372.86 -0.039877
9372.87 -0.0398773
9372.87 -0.0398757
9372.88 -0.0398764
9372.88 -0.0398795
9372.89 -0.0398828
9372.89 -0.0398872
9372.9 -0.0398916
9372.9 -0.0398945
9372.91 -0.0398979
9372.91 -0.0398956
9372.92 -0.0398954
9372.92 -0.0398988
9372.93 -0.0399049
9372.93 -0.0399109
9372.94 -0.0399155
9372.94 -0.0399152
9372.95 -0.0399122
9372.95 -0.0399084
9372.96 -0.0399087
9372.96 -0.0399048
9372.97 -0.0399036
9372.97 -0.0399075
9372.98 -0.0399139
9372.98 -0.0399201
9372.99 -0.0399256
9372.99 -0.0399313
9373 -0.039942
9373 -0.0399543
9373.01 -0.039968
9373.01 -0.0399797
9373.02 -0.039995
9373.02 -0.0400133
9373.03 -0.0400293
9373.03 -0.0400427
9373.04 -0.0400539
9373.04 -0.0400636
9373.05 -0.0400733
9373.05 -0.040082
9373.06 -0.0400913
9373.06 -0.0400924
9373.07 -0.0400878
9373.07 -0.0400834
9373.08 -0.0400805
9373.08 -0.0400797
9373.09 -0.0400796
9373.09 -0.0400808
9373.1 -0.0400824
9373.1 -0.0400829
9373.11 -0.0400738
9373.11 -0.0400577
9373.12 -0.0400459
9373.12 -0.0400423
9373.13 -0.0400418
9373.13 -0.0400427
9373.14 -0.0400433
9373.14 -0.0400377
9373.15 -0.0400275
9373.15 -0.0400186
9373.16 -0.0400027
9373.16 -0.0399914
9373.17 -0.0399864
9373.17 -0.0399888
9373.18 -0.0399923
9373.18 -0.0399975
9373.19 -0.0400001
9373.19 -0.0400024
9373.2 -0.0400101
9373.2 -0.0400208
9373.21 -0.0400311
9373.21 -0.040049
9373.22 -0.040062
9373.22 -0.0400748
9373.23 -0.0400853
9373.23 -0.0400932
9373.24 -0.0400967
9373.24 -0.0400982
9373.25 -0.0400965
9373.25 -0.0400946
9373.26 -0.0400958
9373.26 -0.040093
9373.27 -0.0400917
9373.27 -0.0401013
9373.28 -0.0401139
9373.28 -0.0401244
9373.29 -0.0401321
9373.29 -0.0401392
9373.3 -0.0401463
9373.3 -0.0401551
9373.31 -0.0401647
9373.31 -0.0401654
9373.32 -0.0401636
9373.32 -0.0401615
9373.33 -0.0401603
9373.33 -0.0401589
9373.34 -0.0401592
9373.34 -0.0401528
9373.35 -0.0401427
9373.35 -0.0401347
9373.36 -0.0401191
9373.36 -0.0400963
9373.37 -0.0400788
9373.37 -0.0400717
9373.38 -0.0400692
9373.38 -0.0400698
9373.38 -0.0400697
9373.39 -0.0400698
9373.4 -0.0400778
9373.4 -0.0400905
9373.41 -0.0401024
9373.41 -0.040122
9373.42 -0.0401356
9373.42 -0.0401512
9373.43 -0.0401634
9373.43 -0.0401725
9373.44 -0.0401792
9373.44 -0.0401774
9373.45 -0.0401685
9373.45 -0.0401596
9373.46 -0.040154
9373.46 -0.0401413
9373.46 -0.0401282
[0m[ INFO] [1548173557.410036644]: Controller started with Planner interface[0m
[0m[ INFO] [1548173565.530150413]: Controller Initialized[0m
[33m[ WARN] [1548173557.160405111]: The root link cepheus has an inertia specified in the URDF, but KDL does not support a root link with an inertia.  As a workaround, you can add an extra dummy link to your URDF.[0m
[33m[ WARN] [1548173557.834395010]: joint_state_publisher reaction_wheel_effort_controller[0m
[0m[ INFO] [1548173557.834603920]: RELOADED CONTROLLERS LIBRARIES[0m
[0m[ INFO] [1548173559.840389370]: joint_state_publisher[0m
[0m[ INFO] [1548173559.840429392]: reaction_wheel_effort_controller[0m
[0m[ INFO] [1548173557.457556937]: Succesfully parsed all LED parameters![0m
[0m[ INFO] [1548173557.478095557]: Succesfully parsed all LED parameters![0m
[0m[ INFO] [1548173557.366339325]: max_current[0]=1.720000[0m
[0m[ INFO] [1548173557.366429706]: max_current[1]=3.100000[0m
[0m[ INFO] [1548173557.366463721]: max_current[2]=3.100000[0m
[0m[ INFO] [1548173557.366495362]: max_current[3]=3.100000[0m
[0m[ INFO] [1548173557.366525885]: max_current[4]=3.100000[0m
[0m[ INFO] [1548173557.366557316]: max_current[5]=3.100000[0m
[0m[ INFO] [1548173557.366588048]: max_current[6]=3.100000[0m
[0m[ INFO] [1548173557.366626254]: max_current[7]=3.100000[0m
[33m[ WARN] [1548173558.090165902]: ORDER TO START STANDARD CTLS![0m
[33m[ WARN] [1548173560.850776965]: STANDARD CONTROLLERS HAVE STARTED![0m
[33m[ WARN] [1548173560.954918183]: About to enter normal spinning...[0m
[33m[ WARN] [1548173571.665930475]: Hardware safely closed[0m
[INFO] [1548173559.642442]: Controller Spawner: Waiting for service controller_manager/load_controller
[INFO] [1548173559.644977]: Controller Spawner: Waiting for service controller_manager/switch_controller
[INFO] [1548173559.647321]: Controller Spawner: Waiting for service controller_manager/unload_controller
[INFO] [1548173559.650008]: Loading controller: joint_state_publisher
[INFO] [1548173559.665693]: Loading controller: reaction_wheel_effort_controller
[INFO] [1548173559.685641]: Controller Spawner: Loaded controllers: joint_state_publisher, reaction_wheel_effort_controller
[INFO] [1548173559.690532]: Started controllers: joint_state_publisher, reaction_wheel_effort_controller
[INFO] [1548173571.459237]: Shutting down spawner. Stopping and unloading controllers...
[INFO] [1548173571.459912]: Stopping all controllers...
[INFO] [1548173571.470699]: Unloading all loaded controllers...
[INFO] [1548173571.471099]: Trying to unload reaction_wheel_effort_controller
[INFO] [1548173571.497397]: Succeeded in unloading reaction_wheel_effort_controller
[INFO] [1548173571.497878]: Trying to unload joint_state_publisher
[INFO] [1548173571.591193]: Succeeded in unloading joint_state_publisher
... logging to /root/.ros/log/87bf741c-1e60-11e9-bf0b-ec086b0a6d0b/roslaunch-mrrobot-1235.log
Checking log directory for disk usage. This may take awhile.
Press Ctrl-C to interrupt
Done checking log file disk usage. Usage is <1GB.
]2;/home/mrrobot/ilias_ws/src/cepheus_robot/launch/spawner.launch
[1mstarted roslaunch server http://192.168.1.103:43311/[0m

SUMMARY
========

PARAMETERS
 * /rosdistro: kinetic
 * /rosversion: 1.12.14

NODES
  /
    cepheus_controller_spawner (controller_manager/spawner)

[1mROS_MASTER_URI=http://mrrobot.local:11311[0m
]2;/home/mrrobot/ilias_ws/src/cepheus_robot/launch/spawner.launch http://mrrobot.local:11311
[1mprocess[cepheus_controller_spawner-1]: started with pid [1258][0m
[cepheus_controller_spawner-1] killing on exit
shutting down processing monitor...
... shutting down processing monitor complete
[1mdone[0m
