1140.32 0.557153
1139.33 0.557142
1139.33 0.557134
1139.34 0.557132
1139.34 0.557141
1139.35 0.557133
1139.35 0.557137
1139.36 0.557126
1139.36 0.557122
1139.37 0.557132
1139.37 0.557139
1139.38 0.557146
1139.38 0.557141
1139.39 0.557123
1139.39 0.557124
1139.4 0.55714
1139.4 0.557153
1139.41 0.557172
1139.41 0.557176
1139.42 0.557171
1139.42 0.557174
1139.43 0.557174
1139.43 0.557189
1139.44 0.557197
1139.44 0.557198
1139.45 0.557169
1139.45 0.55717
1139.46 0.557185
1139.46 0.557189
1139.47 0.557206
1139.47 0.557211
1139.48 0.557214
1139.48 0.557208
1139.49 0.557215
1139.49 0.557216
1139.5 0.557223
1139.5 0.557222
1139.51 0.557235
1139.51 0.557196
1139.52 0.557204
1139.52 0.557215
1139.53 0.557231
1139.53 0.557249
1139.54 0.557256
1139.54 0.557267
1139.55 0.557251
1139.55 0.557262
1139.56 0.55726
1139.56 0.557264
1139.57 0.557268
1139.57 0.557247
1139.58 0.55724
1139.58 0.557245
1139.59 0.557268
1139.59 0.557275
1139.6 0.557281
1139.6 0.557285
1139.61 0.557285
1139.61 0.55728
1139.62 0.55729
1139.62 0.557295
1139.63 0.557299
1139.63 0.55732
1139.64 0.557271
1139.64 0.557295
1139.65 0.557298
1139.65 0.557318
1139.66 0.557321
1139.66 0.557323
1139.67 0.557311
1139.67 0.557316
1139.68 0.557317
1139.68 0.557312
1139.69 0.557317
1139.69 0.557314
1139.7 0.557287
1139.7 0.557267
1139.71 0.557288
1139.71 0.557297
1139.72 0.557312
1139.72 0.55732
1139.73 0.557317
1139.73 0.557324
1139.74 0.557335
1139.74 0.557342
1139.75 0.557342
1139.75 0.557351
1139.76 0.557349
1139.76 0.55729
1139.77 0.557308
1139.77 0.557325
1139.78 0.557342
1139.78 0.557342
1139.79 0.557351
1139.79 0.557334
1139.8 0.557341
1139.8 0.557339
1139.81 0.557354
1139.81 0.557359
1139.82 0.557367
1139.82 0.557333
1139.83 0.557314
1139.83 0.55734
1139.84 0.557355
1139.84 0.557377
1139.85 0.557378
1139.85 0.557385
1139.86 0.55738
1139.86 0.557376
1139.87 0.557384
1139.87 0.557387
1139.88 0.557388
1139.88 0.557385
1139.89 0.557334
1139.89 0.557341
1139.9 0.557358
1139.9 0.557378
1139.91 0.557398
1139.91 0.557406
1139.92 0.5574
1139.92 0.557405
1139.93 0.557405
1139.93 0.557416
1139.94 0.557413
1139.94 0.557418
1139.95 0.557371
1139.95 0.55736
1139.96 0.557374
1139.96 0.557387
1139.97 0.557406
1139.98 0.557416
1139.98 0.557411
1139.99 0.557432
1139.99 0.55743
1140 0.557428
1140 0.557422
1140.01 0.557435
1140.01 0.557368
1140.02 0.55738
1140.02 0.557393
1140.03 0.557411
1140.03 0.557431
1140.04 0.557435
1140.04 0.557434
1140.05 0.557426
1140.05 0.557437
1140.06 0.557434
1140.06 0.557434
1140.07 0.55744
1140.07 0.557401
1140.08 0.557395
1140.08 0.557413
1140.09 0.557442
1140.09 0.557443
1140.1 0.557439
1140.1 0.557422
1140.11 0.557427
1140.11 0.557423
1140.12 0.557426
1140.12 0.557428
1140.13 0.55743
1140.13 0.557442
1140.14 0.557368
1140.14 0.557391
1140.15 0.557398
1140.15 0.55742
1140.16 0.557421
1140.16 0.557424
1140.17 0.55742
1140.17 0.557426
1140.18 0.557432
1140.18 0.557438
1140.19 0.557453
1140.19 0.557448
1140.2 0.557411
1140.2 0.557383
1140.21 0.557402
1140.21 0.557422
1140.22 0.557444
1140.22 0.557448
1140.23 0.557446
1140.23 0.557436
1140.24 0.557444
1140.24 0.557458
1140.25 0.557446
1140.25 0.557451
1140.26 0.557446
1140.26 0.557372
1140.27 0.557384
1140.27 0.557407
1140.28 0.557425
1140.28 0.557427
1140.29 0.557435
1140.29 0.557415
1140.3 0.557419
1140.3 0.557419
1140.31 0.557433
1140.31 0.557445
1140.32 0.557448
1140.32 0.557414
1140.33 0.55738
1140.33 0.557394
1140.34 0.557403
1140.34 0.557424
1140.35 0.557425
1140.35 0.557432
1140.36 0.557428
1140.36 0.557427
1140.37 0.557434
1140.37 0.557436
1140.38 0.557437
1140.38 0.557432
1140.39 0.557375
1140.39 0.557387
1140.4 0.557408
1140.4 0.55743
1140.41 0.557451
1140.41 0.557451
1140.42 0.557432
1140.42 0.557432
1140.43 0.557431
1140.43 0.557444
1140.44 0.55744
1140.44 0.557446
1140.45 0.557398
1140.45 0.557388
1140.46 0.557395
1140.46 0.557415
1140.47 0.557431
1140.47 0.557436
1140.48 0.557439
1140.48 0.557422
1140.49 0.557437
1140.49 0.557442
1140.5 0.557448
1140.5 0.557453
1140.51 0.557469
1140.51 0.557394
1140.52 0.557392
1140.52 0.557419
1140.53 0.55743
1140.53 0.557453
1140.54 0.557461
1140.54 0.557466
1140.55 0.557452
1140.55 0.557451
1140.56 0.557449
1140.56 0.557445
1140.57 0.557451
1140.57 0.557411
1140.58 0.557394
1140.58 0.557395
1140.59 0.557426
1140.59 0.557439
1140.6 0.557445
1140.6 0.557444
1140.61 0.557435
1140.61 0.557441
1140.62 0.55744
1140.62 0.557451
1140.63 0.557453
1140.63 0.557463
1140.64 0.557386
1140.64 0.557405
1140.65 0.557384
1140.65 0.557405
1140.66 0.557429
1140.66 0.557437
1140.67 0.557439
1140.67 0.557436
1140.68 0.557439
1140.68 0.557442
1140.69 0.557448
1140.69 0.55745
1140.7 0.557444
1140.7 0.557391
1140.71 0.557387
1140.71 0.557424
1140.72 0.557431
1140.72 0.557455
1140.73 0.557461
1140.73 0.557456
1140.74 0.557454
1140.74 0.557467
1140.75 0.557458
1140.75 0.557463
1140.76 0.557461
1140.76 0.557389
1140.77 0.557405
1140.77 0.557432
1140.78 0.557447
1140.78 0.557449
1140.79 0.557456
1140.79 0.557437
1140.8 0.557433
1140.8 0.557434
1140.81 0.557448
1140.81 0.557462
1140.82 0.557479
1140.82 0.557435
1140.83 0.557414
1140.83 0.557423
1140.84 0.557431
1140.84 0.557454
1140.85 0.557453
1140.85 0.55746
1140.86 0.557456
1140.86 0.557454
1140.87 0.557462
1140.87 0.557462
1140.88 0.557469
1140.88 0.557468
1140.89 0.557411
1140.89 0.557425
1140.9 0.557445
1140.9 0.557466
1140.91 0.557483
1140.91 0.557489
1140.92 0.557474
1140.92 0.557478
1140.93 0.557475
1140.93 0.557482
1140.94 0.557479
1140.94 0.557483
1140.95 0.557431
1140.95 0.55742
1140.96 0.557441
1140.96 0.557454
1140.97 0.55747
1140.97 0.557468
1140.98 0.557466
1140.98 0.557445
1140.99 0.557458
1140.99 0.557464
1141 0.557467
1141 0.557463
1141.01 0.55747
1141.01 0.557396
1141.02 0.557397
1141.02 0.557431
1141.03 0.557446
1141.03 0.557473
1141.04 0.557479
1141.04 0.557485
1141.05 0.557463
1141.05 0.557471
1141.06 0.557465
1141.06 0.557461
1141.07 0.557463
1141.07 0.557457
1141.08 0.557389
1141.08 0.557399
1141.09 0.557422
1141.09 0.557431
1141.1 0.557431
1141.1 0.557417
1141.11 0.557425
1141.11 0.557426
1141.12 0.557437
1141.12 0.557442
1141.13 0.55744
1141.13 0.557449
1141.14 0.557371
1141.14 0.5574
1141.15 0.55741
1141.15 0.557441
1141.16 0.557449
1141.16 0.557446
1141.17 0.557447
1141.17 0.557445
1141.18 0.557463
1141.18 0.557461
1141.19 0.557468
1141.19 0.557458
1141.2 0.557386
1141.21 0.557407
1141.21 0.55742
1141.22 0.557441
1141.22 0.557451
1141.23 0.557457
1141.23 0.557452
1141.24 0.557449
1141.24 0.557464
1141.25 0.557461
1141.25 0.557466
1141.26 0.557465
1141.26 0.557386
1141.27 0.557411
1141.27 0.557427
1141.28 0.557446
1141.28 0.55745
1141.29 0.557457
1141.29 0.557437
1141.3 0.55744
1141.3 0.557439
1141.31 0.557456
1141.31 0.55746
1141.32 0.557457
1141.32 0.55742
1141.33 0.557398
1141.33 0.557411
1141.34 0.557425
1141.34 0.557448
1141.35 0.55745
1141.35 0.557458
1141.36 0.55745
1141.36 0.557447
1141.37 0.557457
1141.37 0.557459
1141.38 0.55746
1141.38 0.557466
1141.39 0.557413
1141.39 0.557401
1141.4 0.557403
1141.4 0.557426
1141.41 0.557451
1141.41 0.557472
1141.42 0.557468
1141.42 0.557469
1141.43 0.557481
1141.43 0.557501
1141.44 0.557502
1141.44 0.55751
1141.45 0.557449
1141.45 0.557428
1141.46 0.557442
1141.46 0.55745
1141.47 0.557462
1141.47 0.557465
1141.48 0.557455
1141.48 0.557452
1141.49 0.557468
1141.49 0.557469
1141.5 0.557468
1141.5 0.557459
1141.51 0.557472
1141.51 0.557395
1141.52 0.557408
1141.52 0.557422
1141.53 0.557444
1141.53 0.557463
1141.54 0.557468
1141.54 0.557461
1141.55 0.557456
1141.55 0.557469
1141.56 0.557466
1141.56 0.557468
1141.57 0.557463
1141.57 0.557418
1141.58 0.55739
1141.58 0.557401
1141.59 0.557427
1141.59 0.557435
1141.6 0.55744
1141.6 0.557428
1141.61 0.557436
1141.61 0.557432
1141.62 0.557439
1141.62 0.557442
1141.63 0.557444
1141.63 0.557457
1141.64 0.557382
1141.64 0.557409
1141.65 0.557421
1141.65 0.55745
1141.66 0.557453
1141.66 0.557454
1141.67 0.557444
1141.67 0.557448
1141.68 0.55745
1141.68 0.557446
1141.69 0.557447
1141.7 0.557409
1141.7 0.557379
1141.71 0.557403
1141.71 0.557424
1141.72 0.557438
1141.72 0.557454
1141.73 0.557443
1141.73 0.557445
1141.74 0.55744
1141.74 0.55745
1141.75 0.557446
1141.75 0.557459
1141.76 0.557458
1141.76 0.557384
1141.77 0.557395
1141.77 0.55742
1141.78 0.55744
1141.78 0.55744
1141.79 0.557447
1141.79 0.557426
1141.8 0.557432
1141.8 0.557433
1141.81 0.55744
1141.81 0.557447
1141.82 0.557449
1141.82 0.557408
1141.83 0.557389
1141.83 0.557404
1141.84 0.557419
1141.84 0.557443
1141.85 0.557447
1141.85 0.557455
1141.86 0.557449
1141.86 0.557445
1141.87 0.557454
1141.87 0.557457
1141.88 0.557461
1141.88 0.557468
1141.89 0.557414
1141.89 0.557428
1141.9 0.557446
1141.9 0.557468
1141.91 0.557476
1141.91 0.557486
1141.92 0.557466
1141.92 0.557466
1141.93 0.557467
1141.93 0.557477
1141.94 0.557473
1141.94 0.557475
1141.95 0.557421
1141.95 0.557406
1141.96 0.557423
1141.96 0.557433
1141.97 0.557446
1141.97 0.55745
1141.98 0.557444
1141.98 0.557436
1141.99 0.55745
1141.99 0.557451
1142 0.557455
1142 0.557451
1142.01 0.557456
1142.01 0.557385
1142.02 0.557397
1142.02 0.557411
1142.03 0.557423
1142.03 0.557451
1142.04 0.557459
1142.04 0.557457
1142.05 0.55745
1142.05 0.557457
1142.06 0.557456
1142.06 0.557452
1142.07 0.557458
1142.07 0.557417
1142.08 0.557393
1142.08 0.557401
1142.09 0.557428
1142.09 0.557435
1142.1 0.557441
1142.1 0.557431
1142.11 0.557439
1142.11 0.55744
1142.12 0.557446
1142.12 0.557448
1142.13 0.557448
1142.13 0.557469
1142.14 0.5574
1142.14 0.557427
1142.15 0.55743
1142.15 0.557449
1142.16 0.557447
1142.16 0.557442
1142.17 0.55743
1142.17 0.557433
1142.18 0.557436
1142.18 0.557431
1142.19 0.55744
1142.19 0.557433
1142.2 0.557393
1142.2 0.557366
1142.21 0.557379
1142.21 0.557402
1142.22 0.55742
1142.22 0.557427
1142.23 0.557424
1142.23 0.55743
1142.24 0.557428
1142.24 0.557443
1142.25 0.557442
1142.25 0.557455
1142.26 0.557453
1142.26 0.557378
1142.27 0.5574
1142.27 0.557418
1142.28 0.557439
1142.28 0.557443
1142.29 0.557451
1142.29 0.557429
1142.3 0.557432
1142.3 0.557432
1142.31 0.557436
1142.31 0.55745
1142.32 0.557457
1142.32 0.557415
1142.33 0.557389
1142.33 0.557408
1142.34 0.55742
1142.34 0.557443
1142.35 0.557445
1142.35 0.557453
1142.36 0.557446
1142.36 0.557443
1142.37 0.557452
1142.37 0.557457
1142.38 0.557459
1142.38 0.557463
1142.39 0.557409
1142.39 0.557414
1142.4 0.55743
1142.4 0.55745
1142.41 0.557458
1142.41 0.557481
1142.42 0.557476
1142.42 0.557475
1142.43 0.557475
1142.43 0.557476
1142.44 0.557471
1142.44 0.557478
1142.45 0.557431
1142.45 0.557416
1142.46 0.557434
1142.46 0.557445
1142.47 0.55746
1142.47 0.55746
1142.48 0.557452
1142.48 0.557454
1142.49 0.557473
1142.49 0.557471
1142.5 0.557473
1142.5 0.557463
1142.51 0.55747
1142.51 0.55741
1142.52 0.557435
1142.52 0.557446
1142.53 0.557459
1142.53 0.557475
1142.54 0.557481
1142.54 0.557474
1142.55 0.557464
1142.55 0.55747
1142.56 0.55747
1142.56 0.557466
1142.57 0.557468
1142.57 0.557421
1142.58 0.557396
1142.58 0.557405
1142.59 0.557429
1142.59 0.557413
1142.6 0.557405
1142.6 0.5574
1142.61 0.557403
1142.61 0.557422
1142.62 0.557436
1142.62 0.55744
1142.63 0.557441
1142.63 0.55746
1142.64 0.557386
1142.64 0.557412
1142.65 0.557419
1142.65 0.557443
1142.66 0.557448
1142.66 0.557447
1142.67 0.557448
1142.67 0.557441
1142.68 0.557445
1142.68 0.557442
1142.69 0.557451
1142.69 0.557443
1142.7 0.557404
1142.7 0.557376
1142.71 0.557401
1142.71 0.557413
1142.72 0.557431
1142.72 0.557437
1142.73 0.557427
1142.73 0.557434
1142.74 0.55743
1142.74 0.557445
1142.75 0.557432
1142.75 0.557438
1142.76 0.557438
1142.76 0.557366
1142.77 0.557379
1142.77 0.557402
1142.78 0.557423
1142.78 0.557422
1142.79 0.557428
1142.79 0.557417
1142.8 0.55741
1142.8 0.557409
1142.81 0.557424
1142.81 0.557429
1142.82 0.557436
1142.82 0.557392
1142.83 0.557362
1142.83 0.55739
1142.84 0.557411
1142.84 0.55743
1142.85 0.557429
1142.85 0.557431
1142.86 0.557423
1142.86 0.55742
1142.87 0.557428
1142.87 0.557434
1142.88 0.557436
1142.88 0.557432
1142.89 0.557372
1142.89 0.557382
1142.9 0.557402
1142.9 0.557425
1142.91 0.557444
1142.91 0.557458
1142.92 0.55746
1142.92 0.557449
1142.93 0.557445
1142.93 0.557451
1142.94 0.557448
1142.94 0.557455
1142.95 0.557405
1142.95 0.557389
1142.96 0.557407
1142.96 0.557419
1142.97 0.557433
1142.97 0.557438
1142.98 0.557433
1142.98 0.557433
1142.99 0.557451
1142.99 0.557449
1143 0.557451
1143 0.557444
1143.01 0.557447
1143.01 0.557376
1143.02 0.557391
1143.02 0.557405
1143.03 0.557418
1143.03 0.557443
1143.04 0.557449
1143.04 0.55745
1143.05 0.557444
1143.05 0.557456
1143.06 0.557457
1143.06 0.557455
1143.07 0.557457
1143.07 0.557415
1143.08 0.557385
1143.08 0.557395
1143.09 0.557423
1143.09 0.557437
1143.1 0.557443
1143.1 0.557429
1143.11 0.557437
1143.11 0.557437
1143.12 0.557443
1143.12 0.557445
1143.13 0.557446
1143.13 0.557456
1143.14 0.557375
1143.14 0.557398
1143.15 0.557405
1143.15 0.557428
1143.16 0.557433
1143.16 0.557437
1143.17 0.557423
1143.17 0.557429
1143.18 0.557432
1143.18 0.557435
1143.19 0.557449
1143.19 0.557447
1143.2 0.557409
1143.2 0.557389
1143.21 0.557403
1143.21 0.557415
1143.22 0.557431
1143.22 0.557436
1143.23 0.557437
1143.23 0.55743
1143.24 0.557424
1143.24 0.557436
1143.25 0.557431
1143.25 0.557437
1143.26 0.557436
1143.26 0.55736
1143.27 0.557381
1143.27 0.557396
1143.28 0.55741
1143.28 0.557415
1143.29 0.557423
1143.29 0.557406
1143.3 0.55741
1143.3 0.55741
1143.31 0.557414
1143.31 0.557419
1143.32 0.557427
1143.32 0.557385
1143.33 0.557367
1143.33 0.557393
1143.34 0.557412
1143.34 0.557436
1143.35 0.557435
1143.35 0.557444
1143.36 0.55743
1143.36 0.55743
1143.37 0.557438
1143.37 0.557442
1143.38 0.557443
1143.38 0.557436
1143.39 0.557376
1143.39 0.557389
1143.4 0.557408
1143.4 0.557422
1143.41 0.557445
1143.41 0.557445
1143.42 0.557428
1143.42 0.557432
1143.43 0.557433
1143.43 0.557455
1143.44 0.557463
1143.44 0.55747
1143.45 0.55742
1143.45 0.557409
1143.46 0.557427
1143.46 0.557437
1143.47 0.557452
1143.47 0.557453
1143.48 0.557468
1143.48 0.557453
1143.49 0.557467
1143.49 0.557463
1143.5 0.557463
1143.5 0.557458
1143.51 0.557462
1143.51 0.557392
1143.52 0.557407
1143.52 0.557421
1143.53 0.55743
1143.53 0.557453
1143.54 0.557459
1143.54 0.557455
1143.55 0.557448
1143.55 0.557455
1143.56 0.557453
1143.56 0.557452
1143.57 0.557453
1143.57 0.557408
1143.58 0.55739
1143.58 0.557393
1143.59 0.55742
1143.59 0.557432
1143.6 0.557439
1143.6 0.557438
1143.61 0.557426
1143.61 0.557432
1143.62 0.557434
1143.62 0.557435
1143.63 0.557435
1143.63 0.557443
1143.64 0.557362
1143.64 0.557386
1143.65 0.557415
1143.66 0.557428
1143.66 0.55743
1143.67 0.557426
1143.67 0.557422
1143.68 0.557426
1143.68 0.557426
1143.69 0.557438
1143.69 0.557434
1143.7 0.557394
1143.7 0.557373
1143.71 0.557389
1143.71 0.5574
1143.72 0.557416
1143.72 0.557424
1143.73 0.557427
1143.73 0.557432
1143.74 0.557436
1143.74 0.557446
1143.75 0.557439
1143.75 0.557444
1143.76 0.557444
1143.76 0.557367
1143.77 0.557379
1143.77 0.557405
1143.78 0.557422
1143.78 0.557433
1143.79 0.55744
1143.79 0.55742
1143.8 0.557424
1143.8 0.557424
1143.81 0.557442
1143.81 0.557445
1143.82 0.557455
1143.82 0.557413
1143.83 0.557395
1143.83 0.557418
1143.84 0.557437
1143.84 0.557459
1143.85 0.557456
1143.85 0.557463
1143.86 0.557452
1143.86 0.557451
1143.87 0.557456
1143.87 0.557458
1143.88 0.55746
1143.88 0.557451
1143.89 0.557388
1143.89 0.557398
1143.9 0.557421
1143.9 0.557438
1143.91 0.557469
1143.91 0.557483
1143.92 0.557474
1143.92 0.557475
1143.93 0.557471
1143.93 0.557488
1143.94 0.557489
1143.94 0.557491
1143.95 0.557435
1143.95 0.557418
1143.96 0.557427
1143.96 0.557441
1143.97 0.55745
1143.97 0.557451
1143.98 0.557451
1143.98 0.557445
1143.99 0.557467
1143.99 0.557486
1144 0.557485
1144 0.557479
1144.01 0.557483
1144.01 0.557437
1144.02 0.557415
1144.02 0.557428
1144.03 0.557439
1144.03 0.557461
1144.04 0.557467
1144.04 0.55746
1144.05 0.557452
1144.05 0.55746
1144.06 0.55746
1144.06 0.557456
1144.07 0.557461
1144.07 0.557419
1144.08 0.5574
1144.08 0.55741
1144.09 0.557441
1144.09 0.557453
1144.1 0.557456
1144.1 0.557451
1144.11 0.557448
1144.11 0.557455
1144.12 0.557464
1144.12 0.557463
1144.13 0.557462
1144.13 0.557467
1144.14 0.557408
1144.14 0.557414
1144.15 0.557418
1144.15 0.557432
1144.16 0.557442
1144.16 0.55744
1144.17 0.557429
1144.17 0.557434
1144.18 0.557437
1144.18 0.557435
1144.19 0.557443
1144.19 0.557435
1144.2 0.557395
1144.2 0.557372
1144.21 0.557384
1144.21 0.557399
1144.22 0.557419
1144.22 0.55743
1144.23 0.557437
1144.23 0.557436
1144.24 0.557437
1144.24 0.557451
1144.25 0.55745
1144.25 0.557457
1144.26 0.557456
1144.26 0.55738
1144.27 0.557397
1144.27 0.557415
1144.28 0.557427
1144.28 0.557432
1144.29 0.55744
1144.29 0.557393
1144.3 0.557383
1144.3 0.557384
1144.31 0.55741
1144.31 0.55742
1144.32 0.557435
1144.32 0.557396
1144.33 0.55738
1144.33 0.557396
1144.34 0.55741
1144.34 0.557433
1144.35 0.557438
1144.35 0.557449
1144.36 0.55744
1144.36 0.55744
1144.37 0.557443
1144.37 0.557446
1144.38 0.55745
1144.38 0.557444
1144.39 0.557383
1144.39 0.557393
1144.4 0.557414
1144.4 0.557429
1144.41 0.557454
1144.41 0.557455
1144.42 0.557445
1144.42 0.557449
1144.43 0.55745
1144.43 0.557469
1144.44 0.55747
1144.44 0.557474
1144.45 0.557417
1144.45 0.557402
1144.46 0.557417
1144.46 0.557427
1144.47 0.557439
1144.47 0.557445
1144.48 0.557449
1144.48 0.55743
1144.49 0.557447
1144.49 0.557455
1144.5 0.557459
1144.5 0.557461
1144.51 0.557463
1144.51 0.557394
1144.52 0.557403
1144.52 0.557418
1144.53 0.557432
1144.53 0.557458
1144.54 0.557462
1144.54 0.557459
1144.55 0.55745
1144.55 0.557458
1144.56 0.557463
1144.56 0.557463
1144.57 0.557458
1144.57 0.557415
1144.58 0.557394
1144.58 0.557396
1144.59 0.557423
1144.59 0.557436
1144.6 0.557442
1144.6 0.557441
1144.61 0.55744
1144.61 0.557435
1144.62 0.557446
1144.62 0.557453
1144.63 0.557458
1144.63 0.557472
1144.64 0.557418
1144.64 0.557426
1144.65 0.557438
1144.65 0.557456
1144.66 0.557469
1144.66 0.557472
1144.67 0.557453
1144.67 0.557455
1144.68 0.557474
1144.68 0.557474
1144.69 0.557483
1144.69 0.557467
1144.7 0.55742
1144.7 0.557394
1144.71 0.557402
1144.71 0.557433
1144.72 0.557454
1144.72 0.557464
1144.73 0.557468
1144.73 0.557463
1144.74 0.557465
1144.74 0.55747
1144.75 0.557462
1144.75 0.557469
1144.76 0.557471
1144.76 0.557397
1144.77 0.557416
1144.77 0.557443
1144.78 0.557444
1144.78 0.557444
1144.79 0.557454
1144.79 0.557435
1144.8 0.557439
1144.8 0.557438
1144.81 0.557451
1144.81 0.557452
1144.82 0.557463
1144.82 0.557422
1144.83 0.557405
1144.83 0.55743
1144.84 0.557449
1144.84 0.55747
1144.85 0.557464
1144.85 0.557464
1144.86 0.557455
1144.86 0.557459
1144.87 0.557461
1144.87 0.55746
1144.88 0.557463
1144.88 0.557469
1144.89 0.557412
1144.89 0.557426
1144.9 0.557457
1144.9 0.557463
1144.91 0.557471
1144.91 0.557497
1144.92 0.557485
1144.92 0.557482
1144.93 0.557479
1144.93 0.557494
1144.94 0.557504
1144.94 0.557499
1144.95 0.557442
1144.95 0.557427
1144.96 0.557439
1144.96 0.557449
1144.97 0.557459
1144.97 0.55746
1144.98 0.557445
1144.98 0.557445
1144.99 0.55746
1144.99 0.557462
1145 0.557467
1145 0.557461
1145.01 0.557471
1145.01 0.557395
1145.02 0.557411
1145.02 0.557425
1145.03 0.557442
1145.03 0.557461
1145.04 0.557468
1145.04 0.557465
1145.05 0.557453
1145.05 0.55746
1145.06 0.557453
1145.06 0.557448
1145.07 0.557443
1145.07 0.557403
1145.08 0.557386
1145.08 0.557402
1145.09 0.557437
1145.09 0.557453
1145.1 0.557457
1145.1 0.55744
1145.11 0.557445
1145.11 0.557439
1145.12 0.557438
1145.12 0.557451
1145.13 0.557456
1145.13 0.557477
1145.14 0.557421
1145.14 0.557423
1145.15 0.557425
1145.15 0.557437
1145.16 0.557447
1145.16 0.557449
1145.17 0.557431
1145.17 0.557435
1145.18 0.557436
1145.18 0.557439
1145.19 0.557447
1145.19 0.55744
1145.2 0.557398
1145.2 0.557366
1145.21 0.557386
1145.21 0.557397
1145.22 0.557417
1145.22 0.557428
1145.23 0.557433
1145.23 0.557432
1145.24 0.557438
1145.24 0.557444
1145.25 0.557439
1145.25 0.557453
1145.26 0.557455
1145.26 0.557396
1145.27 0.557401
1145.27 0.557407
1145.28 0.55743
1145.28 0.557438
1145.29 0.557444
1145.29 0.557426
1145.3 0.557429
1145.3 0.557428
1145.31 0.557442
1145.31 0.557444
1145.32 0.557455
1145.32 0.557413
1145.33 0.557395
1145.33 0.55741
1145.34 0.557434
1145.34 0.557445
1145.35 0.557445
1145.35 0.55745
1145.36 0.557444
1145.36 0.557448
1145.37 0.557457
1145.38 0.557463
1145.38 0.55747
1145.39 0.557416
1145.39 0.557431
1145.4 0.557447
1145.4 0.557464
1145.41 0.557478
1145.41 0.557471
1145.42 0.557459
1145.42 0.557459
1145.43 0.55746
1145.43 0.557484
1145.44 0.557497
1145.44 0.557492
1145.45 0.557438
1145.45 0.557422
1145.46 0.557438
1145.46 0.557452
1145.47 0.557455
1145.47 0.557455
1145.48 0.557444
1145.48 0.557439
1145.49 0.557455
1145.49 0.55746
1145.5 0.557464
1145.5 0.557457
1145.51 0.557466
1145.51 0.557397
1145.52 0.557407
1145.52 0.557424
1145.53 0.55744
1145.53 0.557465
1145.54 0.55747
1145.54 0.557463
1145.55 0.557452
1145.55 0.557458
1145.56 0.557454
1145.56 0.557452
1145.57 0.557445
1145.57 0.5574
1145.58 0.557374
1145.58 0.557393
1145.59 0.557422
1145.59 0.55743
1145.6 0.557433
1145.6 0.557418
1145.61 0.557426
1145.61 0.557424
1145.62 0.557429
1145.62 0.55743
1145.63 0.557432
1145.63 0.557451
1145.64 0.557401
1145.64 0.557407
1145.65 0.557411
1145.65 0.55743
1145.66 0.557432
1145.66 0.557433
1145.67 0.557414
1145.67 0.557418
1145.68 0.557418
1145.68 0.557415
1145.69 0.557422
1145.69 0.557414
1145.7 0.557375
1145.7 0.557349
1145.71 0.557369
1145.71 0.557386
1145.72 0.557408
1145.72 0.557418
1145.73 0.557422
1145.73 0.557411
1145.74 0.55742
1145.74 0.557427
1145.75 0.557426
1145.75 0.557433
1145.76 0.557428
1145.76 0.557369
1145.77 0.557375
1145.77 0.557394
1145.78 0.55742
1145.78 0.557422
1145.79 0.557431
1145.79 0.557414
1145.8 0.557418
1145.8 0.557418
1145.81 0.557434
1145.81 0.557439
1145.82 0.55745
1145.82 0.557407
1145.83 0.557387
1145.83 0.557401
1145.84 0.557429
1145.84 0.557441
1145.85 0.557446
1145.85 0.557451
1145.86 0.557444
1145.87 0.557443
1145.87 0.557449
1145.88 0.557453
1145.88 0.557448
1145.89 0.557384
1145.89 0.557398
1145.9 0.557418
1145.9 0.557443
1145.91 0.557465
1145.91 0.557476
1145.92 0.557467
1145.92 0.557466
1145.93 0.557462
1145.93 0.55747
1145.94 0.557471
1145.94 0.557466
1145.95 0.557413
1145.95 0.5574
1145.96 0.557419
1145.96 0.557438
1145.97 0.557443
1145.97 0.557445
1145.98 0.557444
1145.98 0.557426
1145.99 0.557442
1145.99 0.557446
1146 0.557448
1146 0.557441
1146.01 0.55745
1146.01 0.557378
1146.02 0.557388
1146.02 0.557403
1146.03 0.557419
1146.03 0.557447
1146.04 0.557467
1146.04 0.557451
1146.05 0.557442
1146.05 0.557453
1146.06 0.557454
1146.06 0.557456
1146.07 0.557451
1146.07 0.55741
1146.08 0.557385
1146.08 0.557395
1146.09 0.557417
1146.09 0.557428
1146.1 0.557432
1146.1 0.557434
1146.11 0.557423
1146.11 0.557417
1146.12 0.557431
1146.12 0.557436
1146.13 0.557442
1146.13 0.557453
1146.14 0.557393
1146.14 0.557398
1146.15 0.557406
1146.15 0.55743
1146.16 0.557432
1146.16 0.557436
1146.17 0.557419
1146.17 0.557423
1146.18 0.557422
1146.18 0.557418
1146.19 0.557425
1146.19 0.55742
1146.2 0.557381
1146.2 0.557355
1146.21 0.55738
1146.21 0.557397
1146.22 0.557418
1146.22 0.557428
1146.23 0.557433
1146.23 0.557429
1146.24 0.557438
1146.24 0.557441
1146.25 0.557436
1146.25 0.557445
1146.26 0.557439
1146.26 0.557379
1146.27 0.557385
1146.27 0.557405
1146.28 0.557419
1146.28 0.557426
1146.29 0.557433
1146.29 0.557413
1146.3 0.557418
1146.3 0.557417
1146.31 0.557429
1146.31 0.557424
1146.32 0.557431
1146.32 0.557389
1146.33 0.557364
1146.33 0.557383
1146.34 0.557409
1146.34 0.557422
1146.35 0.557436
1146.36 0.557429
1146.36 0.557434
1146.37 0.557437
1146.37 0.557444
1146.38 0.557448
1146.38 0.557453
1146.39 0.557394
1146.39 0.557403
1146.4 0.557419
1146.4 0.557441
1146.41 0.557459
1146.41 0.55746
1146.42 0.557448
1146.42 0.557447
1146.43 0.557447
1146.43 0.557455
1146.44 0.557459
1146.44 0.557458
1146.45 0.557408
1146.45 0.557397
1146.46 0.557414
1146.46 0.557434
1146.47 0.557447
1146.48 0.557455
1146.48 0.557456
1146.49 0.55747
1146.49 0.55747
1146.5 0.55747
1146.5 0.557462
1146.51 0.557465
1146.51 0.557388
1146.52 0.557392
1146.52 0.557404
1146.53 0.557417
1146.53 0.557442
1146.54 0.557457
1146.54 0.557443
1146.55 0.557435
1146.55 0.557445
1146.56 0.557444
1146.56 0.557447
1146.57 0.557446
1146.57 0.557406
1146.58 0.557383
1146.58 0.557394
1146.59 0.557419
1146.59 0.55743
1146.6 0.557435
1146.6 0.557424
1146.61 0.557428
1146.61 0.557419
1146.62 0.557428
1146.62 0.557429
1146.63 0.557431
1146.63 0.557441
1146.64 0.55738
1146.64 0.557388
1146.65 0.557397
1146.65 0.557421
1146.66 0.557427
1146.66 0.557435
1146.67 0.55742
1146.67 0.557425
1146.68 0.557426
1146.68 0.557421
1146.69 0.557425
1146.69 0.557421
1146.7 0.557384
1146.7 0.557359
1146.71 0.557382
1146.71 0.557395
1146.72 0.557412
1146.72 0.557421
1146.73 0.557425
1146.73 0.557422
1146.74 0.557427
1146.74 0.557431
1146.75 0.557429
1146.75 0.557443
1146.76 0.557441
1146.76 0.557382
1146.77 0.557387
1146.77 0.557407
1146.78 0.557424
1146.78 0.557424
1146.79 0.557431
1146.79 0.557407
1146.8 0.557412
1146.8 0.557413
1146.81 0.557429
1146.81 0.557429
1146.82 0.557437
1146.82 0.557394
1146.83 0.557372
1146.83 0.557383
1146.84 0.557385
1146.84 0.55742
1146.85 0.557424
1146.85 0.557434
1146.86 0.557429
1146.86 0.557433
1146.87 0.557433
1146.87 0.557439
1146.88 0.557442
1146.88 0.557438
1146.89 0.557385
1146.89 0.557387
1146.9 0.557407
1146.9 0.557431
1146.91 0.557448
1146.91 0.557446
1146.92 0.557436
1146.92 0.557438
1146.93 0.55744
1146.93 0.557462
1146.94 0.557479
1146.94 0.557485
1146.95 0.557426
1146.95 0.557409
1146.96 0.557426
1146.96 0.557434
1146.97 0.557447
1146.97 0.55745
1146.98 0.557438
1146.98 0.557429
1146.99 0.55744
1146.99 0.557442
1147 0.557443
1147 0.557438
1147.01 0.557449
1147.01 0.557382
1147.02 0.557391
1147.02 0.557407
1147.03 0.557419
1147.03 0.557444
1147.04 0.557461
1147.04 0.557446
1147.05 0.557438
1147.05 0.557451
1147.06 0.557451
1147.06 0.557453
1147.07 0.557455
1147.07 0.557409
1147.08 0.557381
1147.09 0.557418
1147.09 0.557426
1147.1 0.557432
1147.1 0.557422
1147.11 0.55743
1147.11 0.557442
1147.12 0.557452
1147.12 0.557456
1147.13 0.557456
1147.13 0.557458
1147.14 0.557395
1147.14 0.557399
1147.15 0.557405
1147.15 0.557429
1147.16 0.557434
1147.16 0.557442
1147.17 0.557428
1147.17 0.557436
1147.18 0.557439
1147.18 0.557439
1147.19 0.55745
1147.19 0.557443
1147.2 0.557404
1147.2 0.557378
1147.21 0.557398
1147.21 0.55743
1147.22 0.557448
1147.22 0.557453
1147.23 0.557453
1147.23 0.557447
1147.24 0.557452
1147.24 0.557458
1147.25 0.557453
1147.25 0.557461
1147.26 0.557464
1147.26 0.557405
1147.27 0.557408
1147.27 0.557424
1147.28 0.557439
1147.28 0.557448
1147.29 0.557454
1147.29 0.557433
1147.3 0.557437
1147.3 0.55744
1147.31 0.557454
1147.31 0.557454
1147.32 0.557463
1147.32 0.557422
1147.33 0.557395
1147.33 0.557425
1147.34 0.557457
1147.34 0.557466
1147.35 0.557463
1147.35 0.557464
1147.36 0.557455
1147.36 0.557453
1147.37 0.557457
1147.37 0.557462
1147.38 0.557467
1147.38 0.557461
1147.39 0.557407
1147.39 0.55741
1147.4 0.557428
1147.4 0.557451
1147.41 0.557466
1147.41 0.557474
1147.42 0.557461
1147.42 0.557458
1147.43 0.557455
1147.43 0.557474
1147.44 0.557486
1147.44 0.557491
1147.45 0.557477
1147.45 0.557411
1147.46 0.557427
1147.46 0.557443
1147.47 0.557449
1147.47 0.557448
1147.48 0.557436
1147.48 0.557429
1147.49 0.557443
1147.49 0.557446
1147.5 0.55745
1147.5 0.557452
1147.51 0.557465
1147.51 0.557395
1147.52 0.557402
1147.52 0.557415
1147.53 0.557427
1147.53 0.557453
1147.54 0.557468
1147.54 0.557454
1147.55 0.557445
1147.55 0.557455
1147.56 0.557455
1147.56 0.557455
1147.57 0.557455
1147.57 0.55741
1147.58 0.557398
1147.58 0.557409
1147.59 0.557433
1147.59 0.557438
1147.6 0.557442
1147.6 0.557426
1147.61 0.55743
1147.61 0.557423
1147.62 0.557435
1147.62 0.55744
1147.63 0.557443
1147.63 0.557455
1147.64 0.5574
1147.64 0.557407
1147.65 0.557413
1147.65 0.557434
1147.66 0.557435
1147.66 0.557431
1147.67 0.557417
1147.67 0.557424
1147.68 0.557428
1147.68 0.557424
1147.69 0.557428
1147.7 0.557383
1147.7 0.557353
1147.71 0.557373
1147.71 0.557386
1147.72 0.557415
1147.72 0.557429
1147.73 0.557428
1147.73 0.557437
1147.74 0.557439
1147.74 0.557451
1147.75 0.557449
1147.75 0.557458
1147.76 0.557453
1147.76 0.557411
1147.77 0.557399
1147.77 0.557415
1147.78 0.557433
1147.78 0.557435
1147.79 0.557446
1147.79 0.557428
1147.8 0.557431
1147.8 0.557432
1147.81 0.557445
1147.81 0.557448
1147.81 0.557448
1147.82 0.557418
1147.83 0.557396
1147.83 0.557409
1147.84 0.557424
1147.84 0.55745
1147.85 0.557452
1147.85 0.557457
1147.86 0.557447
1147.86 0.557444
1147.87 0.55745
1147.87 0.557452
1147.88 0.557458
1147.88 0.557454
1147.89 0.557388
1147.89 0.557401
1147.9 0.557421
1147.9 0.557443
1147.91 0.557462
1147.91 0.557466
1147.92 0.557453
1147.92 0.557458
1147.93 0.55746
1147.93 0.55747
1147.94 0.557468
1147.94 0.557473
1147.95 0.557424
1147.95 0.557411
1147.96 0.557429
1147.96 0.55744
1147.97 0.557462
1147.97 0.557466
1147.98 0.557457
1147.98 0.557449
1147.99 0.557463
1147.99 0.557463
1148 0.557463
1148 0.557453
1148.01 0.557461
1148.01 0.557386
1148.02 0.557405
1148.02 0.557423
1148.03 0.557438
1148.03 0.557468
1148.04 0.557473
1148.04 0.557467
1148.05 0.557457
1148.05 0.557467
1148.06 0.557461
1148.06 0.557456
1148.07 0.557454
1148.07 0.557411
1148.08 0.557387
1148.08 0.5574
1148.09 0.557427
1148.09 0.557436
1148.1 0.557438
1148.1 0.557426
1148.11 0.557439
1148.11 0.557438
1148.12 0.557444
1148.12 0.557447
1148.13 0.557449
1148.13 0.557461
1148.14 0.557386
1148.14 0.557413
1148.15 0.557421
1148.15 0.557448
1148.16 0.557453
1148.16 0.557454
1148.17 0.557445
1148.17 0.557449
1148.18 0.557448
1148.18 0.557441
1148.19 0.557449
1148.19 0.557444
1148.2 0.557404
1148.2 0.557377
1148.21 0.557398
1148.21 0.557407
1148.22 0.557429
1148.22 0.557438
1148.23 0.557434
1148.23 0.557442
1148.24 0.557442
1148.24 0.557454
1148.25 0.557448
1148.25 0.55746
1148.26 0.55746
1148.26 0.557386
1148.27 0.557403
1148.27 0.557432
1148.28 0.557435
1148.28 0.557447
1148.29 0.557457
1148.29 0.557437
1148.3 0.55744
1148.3 0.55744
1148.31 0.557455
1148.31 0.55746
1148.32 0.557467
1148.32 0.557427
1148.33 0.557403
1148.33 0.557424
1148.34 0.557439
1148.34 0.557462
1148.35 0.557463
1148.35 0.557466
1148.36 0.557456
1148.36 0.557453
1148.37 0.557465
1148.37 0.557478
1148.38 0.557493
1148.38 0.557487
1148.39 0.557421
1148.39 0.557427
1148.4 0.557443
1148.4 0.557465
1148.41 0.557481
1148.41 0.557481
1148.42 0.557463
1148.42 0.557464
1148.43 0.557465
1148.43 0.557488
1148.44 0.557494
1148.44 0.557504
1148.45 0.557448
1148.45 0.557424
1148.46 0.557438
1148.46 0.557446
1148.47 0.55746
1148.47 0.557465
1148.48 0.557457
1148.48 0.557456
1148.49 0.557473
1148.49 0.557469
1148.5 0.557468
1148.5 0.55746
1148.51 0.557469
1148.51 0.557392
1148.52 0.557409
1148.52 0.557425
1148.53 0.557439
1148.53 0.557463
1148.54 0.55747
1148.54 0.557464
1148.55 0.557455
1148.55 0.557463
1148.56 0.557462
1148.56 0.557459
1148.57 0.557462
1148.57 0.557421
1148.58 0.557394
1148.58 0.557409
1148.59 0.557436
1148.59 0.557448
1148.6 0.557453
1148.6 0.557438
1148.61 0.557443
1148.61 0.557438
1148.62 0.55744
1148.62 0.557443
1148.63 0.557445
1148.63 0.557455
1148.64 0.557377
1148.64 0.557403
1148.65 0.557413
1148.65 0.557444
1148.66 0.557448
1148.66 0.557448
1148.67 0.557437
1148.67 0.557442
1148.68 0.557443
1148.68 0.557457
1148.69 0.557456
1148.69 0.557448
1148.7 0.557406
1148.7 0.557374
1148.71 0.557394
1148.71 0.557407
1148.72 0.557426
1148.72 0.557435
1148.73 0.557454
1148.73 0.55745
1148.74 0.557444
1148.74 0.557455
1148.75 0.557449
1148.75 0.557456
1148.76 0.557451
1148.76 0.557373
1148.77 0.557393
1148.77 0.557409
1148.78 0.557427
1148.78 0.55743
1148.79 0.557441
1148.79 0.557422
1148.8 0.557425
1148.8 0.557424
1148.81 0.557436
1148.81 0.557439
1148.82 0.557443
1148.82 0.557401
1148.83 0.557383
1148.83 0.557399
1148.84 0.557416
1148.84 0.55744
1148.85 0.557439
1148.85 0.557443
1148.86 0.557436
1148.86 0.557434
1148.87 0.557439
1148.87 0.557446
1148.88 0.557453
1148.88 0.557446
1148.89 0.557384
1148.89 0.557395
1148.9 0.557416
1148.9 0.557444
1148.91 0.557462
1148.91 0.557465
1148.92 0.557449
1148.92 0.557457
1148.93 0.557453
1148.93 0.557475
1148.94 0.557481
1148.94 0.557487
1148.95 0.557432
1148.95 0.557416
1148.96 0.55743
1148.96 0.557436
1148.97 0.557448
1148.97 0.557449
1148.98 0.557438
1148.98 0.557429
1148.99 0.557441
1148.99 0.55745
1149 0.557454
1149 0.557448
1149.01 0.557458
1149.01 0.557382
1149.02 0.557396
1149.02 0.55741
1149.03 0.557431
1149.03 0.557451
1149.04 0.557457
1149.04 0.557454
1149.05 0.557462
1149.06 0.557459
1149.06 0.557454
1149.07 0.557456
1149.07 0.557416
1149.08 0.557391
1149.08 0.557401
1149.09 0.557425
1149.09 0.557432
1149.1 0.557435
1149.1 0.557423
1149.11 0.557428
1149.11 0.557424
1149.12 0.557426
1149.12 0.55743
1149.13 0.557432
1149.13 0.557441
1149.14 0.557367
1149.14 0.557393
1149.15 0.5574
1149.15 0.557424
1149.16 0.55743
1149.16 0.557435
1149.17 0.557435
1149.17 0.55743
1149.18 0.55743
1149.18 0.557429
1149.19 0.557439
1149.19 0.557432
1149.2 0.55739
1149.2 0.55736
1149.21 0.55738
1149.21 0.557395
1149.22 0.557408
1149.22 0.557417
1149.23 0.557421
1149.23 0.55743
1149.24 0.557435
1149.24 0.557448
1149.25 0.55744
1149.25 0.557448
1149.26 0.557445
1149.26 0.557372
1149.27 0.557386
1149.27 0.557402
1149.28 0.557422
1149.28 0.557426
1149.29 0.557434
1149.29 0.557433
1149.3 0.557416
1149.3 0.557414
1149.31 0.557425
1149.31 0.557428
1149.32 0.557433
1149.32 0.557391
1149.33 0.557364
1149.33 0.557384
1149.34 0.557398
1149.34 0.557422
1149.35 0.557422
1149.35 0.557429
1149.36 0.557421
1149.36 0.557421
1149.37 0.557434
1149.37 0.557442
1149.38 0.557447
1149.38 0.557442
1149.39 0.557381
1149.39 0.557399
1149.4 0.557419
1149.4 0.557441
1149.41 0.557458
1149.41 0.557459
1149.42 0.55745
1149.42 0.557453
1149.43 0.557454
1149.43 0.557462
1149.44 0.557461
1149.44 0.557462
1149.45 0.557408
1149.45 0.557389
1149.46 0.557408
1149.46 0.557423
1149.47 0.557436
1149.47 0.557444
1149.48 0.557438
1149.48 0.557431
1149.49 0.55744
1149.49 0.557443
1149.5 0.557447
1149.5 0.557447
1149.51 0.557456
1149.51 0.557378
1149.52 0.557392
1149.52 0.557406
1149.53 0.557425
1149.53 0.557443
1149.54 0.557446
1149.55 0.557444
1149.55 0.557461
1149.56 0.557464
1149.56 0.557462
1149.57 0.557462
1149.57 0.557417
1149.58 0.557389
1149.58 0.55741
1149.59 0.55744
1149.59 0.557453
1149.6 0.557457
1149.6 0.557443
1149.61 0.557447
1149.61 0.557443
1149.62 0.557442
1149.62 0.557444
1149.63 0.557446
1149.63 0.557467
1149.64 0.557395
1149.64 0.557422
1149.65 0.557429
1149.65 0.557453
1149.66 0.557453
1149.66 0.557452
1149.67 0.55744
1149.67 0.557446
1149.68 0.557445
1149.68 0.55745
1149.69 0.557461
1149.69 0.557456
1149.7 0.557413
1149.7 0.557382
1149.71 0.5574
1149.71 0.557408
1149.72 0.557429
1149.72 0.557441
1149.73 0.557464
[33m[ WARN] [1547821319.123367142]: The root link cepheus has an inertia specified in the URDF, but KDL does not support a root link with an inertia.  As a workaround, you can add an extra dummy link to your URDF.[0m
[0m[ INFO] [1547821319.444289640]: Succesfully parsed all LED parameters![0m
[0m[ INFO] [1547821319.516500394]: Controller started with Planner interface[0m
[0m[ INFO] [1547821327.571815918]: Controller Initialized[0m
[33m[ WARN] [1547821319.832891625]: joint_state_publisher reaction_wheel_effort_controller[0m
[0m[ INFO] [1547821319.833003728]: RELOADED CONTROLLERS LIBRARIES[0m
[0m[ INFO] [1547821321.838082730]: joint_state_publisher[0m
[0m[ INFO] [1547821321.838123520]: reaction_wheel_effort_controller[0m
[0m[ INFO] [1547821319.455224189]: Succesfully parsed all LED parameters![0m
[0m[ INFO] [1547821319.236513655]: max_current[0]=1.720000[0m
[0m[ INFO] [1547821319.236605084]: max_current[1]=3.100000[0m
[0m[ INFO] [1547821319.236634629]: max_current[2]=3.100000[0m
[0m[ INFO] [1547821319.236667666]: max_current[3]=3.100000[0m
[0m[ INFO] [1547821319.236694906]: max_current[4]=3.100000[0m
[0m[ INFO] [1547821319.236755672]: max_current[5]=3.100000[0m
[0m[ INFO] [1547821319.236782912]: max_current[6]=3.100000[0m
[0m[ INFO] [1547821319.236814622]: max_current[7]=3.100000[0m
[33m[ WARN] [1547821320.084407661]: ORDER TO START STANDARD CTLS![0m
[33m[ WARN] [1547821322.848451045]: STANDARD CONTROLLERS HAVE STARTED![0m
[33m[ WARN] [1547821322.852756017]: About to enter normal spinning...[0m
[33m[ WARN] [1547821332.558218164]: Hardware safely closed[0m
[INFO] [1547821321.599062]: Controller Spawner: Waiting for service controller_manager/load_controller
[INFO] [1547821321.601537]: Controller Spawner: Waiting for service controller_manager/switch_controller
[INFO] [1547821321.603772]: Controller Spawner: Waiting for service controller_manager/unload_controller
[INFO] [1547821321.606005]: Loading controller: joint_state_publisher
[INFO] [1547821321.619792]: Loading controller: reaction_wheel_effort_controller
[INFO] [1547821321.644886]: Controller Spawner: Loaded controllers: joint_state_publisher, reaction_wheel_effort_controller
[INFO] [1547821321.649729]: Started controllers: joint_state_publisher, reaction_wheel_effort_controller
[INFO] [1547821332.428301]: Shutting down spawner. Stopping and unloading controllers...
[INFO] [1547821332.428807]: Stopping all controllers...
[INFO] [1547821332.433534]: Unloading all loaded controllers...
[INFO] [1547821332.433926]: Trying to unload reaction_wheel_effort_controller
[INFO] [1547821332.439856]: Succeeded in unloading reaction_wheel_effort_controller
[INFO] [1547821332.440224]: Trying to unload joint_state_publisher
[INFO] [1547821332.469180]: Succeeded in unloading joint_state_publisher
... logging to /root/.ros/log/698f2e56-1b2c-11e9-a275-ec086b0a6d0b/roslaunch-mrrobot-11088.log
Checking log directory for disk usage. This may take awhile.
Press Ctrl-C to interrupt
Done checking log file disk usage. Usage is <1GB.
]2;/home/mrrobot/ilias_ws/src/cepheus_robot/launch/spawner.launch
[1mstarted roslaunch server http://192.168.1.103:40645/[0m

SUMMARY
========

PARAMETERS
* /rosdistro: kinetic
* /rosversion: 1.12.14

NODES
/
cepheus_controller_spawner (controller_manager/spawner)

	[1mROS_MASTER_URI=http://mrrobot.local:11311[0m
	]2;/home/mrrobot/ilias_ws/src/cepheus_robot/launch/spawner.launch http://mrrobot.local:11311
	[1mprocess[cepheus_controller_spawner-1]: started with pid [11107][0m
	[cepheus_controller_spawner-1] killing on exit
	shutting down processing monitor...
	... shutting down processing monitor complete
	[1mdone[0m
