... logging to /root/.ros/log/5a92e078-1e60-11e9-bf0b-ec086b0a6d0b/roslaunch-mrrobot-32047.log
Checking log directory for disk usage. This may take awhile.
Press Ctrl-C to interrupt
Done checking log file disk usage. Usage is <1GB.
]2;/home/mrrobot/ilias_ws/src/cepheus_robot/launch/launch_cepheus_robot.launch
[1mstarted roslaunch server http://192.168.1.103:39367/[0m

SUMMARY
========

PARAMETERS
 * /assist_robot_leds: [{'position': [0....
 * /base_controller/kd_gain_ang: 1.24035
 * /base_controller/kd_gain_lin: 12.0
 * /base_controller/kp_gain_ang: 1.0
 * /base_controller/kp_gain_lin: 1.2
 * /base_controller/loop_rate: 200.0
 * /base_controller/use_reaction_wheel: True
 * /base_controller/use_with_planner: True
 * /cepheus_ctrl/controllers_to_spawn: joint_state_publi...
 * /cepheus_interface_node/left_elbow_limit_pos: 1.75
 * /cepheus_interface_node/left_shoulder_limit_pos: 2.59
 * /cepheus_interface_node/loop_rate: 200.0
 * /cepheus_interface_node/max_motor_current: 2.0
 * /cepheus_interface_node/right_elbow_limit_pos: -1.75
 * /cepheus_interface_node/right_shoulder_limit_pos: -2.59
 * /cepheus_interface_node/rw_max_power: 30
 * /cepheus_interface_node/rw_max_speed: 400
 * /cepheus_interface_node/rw_max_torque: 0.02
 * /cepheus_interface_node/rw_total_inertia: 0.00197265
 * /cepheus_interface_node/thruster_force: 0.5
 * /cepheus_leds: [{'position': [0....
 * /cepheus_state_publisher/publish_frequency: 100
 * /joint_state_publisher/publish_rate: 50.0
 * /joint_state_publisher/type: joint_state_contr...
 * /left_elbow_position_controller/joint: left_elbow
 * /left_elbow_position_controller/pid/d: 0.02
 * /left_elbow_position_controller/pid/i: 0.0
 * /left_elbow_position_controller/pid/i_clamp: 0.0
 * /left_elbow_position_controller/pid/p: 0.1
 * /left_elbow_position_controller/type: effort_controller...
 * /left_gripper_position_controller/joint: left_finger_joint
 * /left_gripper_position_controller/type: position_controll...
 * /left_shoulder_position_controller/joint: left_shoulder
 * /left_shoulder_position_controller/pid/d: 0.02
 * /left_shoulder_position_controller/pid/i: 0.0
 * /left_shoulder_position_controller/pid/i_clamp: 0.0
 * /left_shoulder_position_controller/pid/p: 0.1
 * /left_shoulder_position_controller/type: effort_controller...
 * /left_wrist_position_controller/joint: left_wrist
 * /left_wrist_position_controller/type: position_controll...
 * /left_wrist_trajectory_controller/gains/left_wrist/d: 0.01
 * /left_wrist_trajectory_controller/gains/left_wrist/i: 0.0
 * /left_wrist_trajectory_controller/gains/left_wrist/i_clamp: 0.0
 * /left_wrist_trajectory_controller/gains/left_wrist/p: 0.1
 * /left_wrist_trajectory_controller/joints: ['left_wrist']
 * /left_wrist_trajectory_controller/type: position_controll...
 * /phase_space_node/init_flags: 0
 * /phase_space_node/ip: 192.168.1.18
 * /phase_space_node/marker_count: 72
 * /reaction_wheel_effort_controller/joint: reaction_wheel_joint
 * /reaction_wheel_effort_controller/pid/d: 0.0
 * /reaction_wheel_effort_controller/pid/i: 0.0
 * /reaction_wheel_effort_controller/pid/i_clamp: 0.0
 * /reaction_wheel_effort_controller/pid/p: 1.0
 * /reaction_wheel_effort_controller/type: effort_controller...
 * /reaction_wheel_position_controller/joint: reaction_wheel_joint
 * /reaction_wheel_position_controller/pid/d: 0.1
 * /reaction_wheel_position_controller/pid/i: 0.0
 * /reaction_wheel_position_controller/pid/i_clamp: 0.0
 * /reaction_wheel_position_controller/pid/p: 1.0
 * /reaction_wheel_position_controller/type: effort_controller...
 * /reaction_wheel_velocity_controller/joint: reaction_wheel_joint
 * /reaction_wheel_velocity_controller/pid/d: 0.0
 * /reaction_wheel_velocity_controller/pid/i: 0.0
 * /reaction_wheel_velocity_controller/pid/i_clamp: 0.05
 * /reaction_wheel_velocity_controller/pid/p: -0.05
 * /reaction_wheel_velocity_controller/type: effort_controller...
 * /right_elbow_position_controller/joint: right_elbow
 * /right_elbow_position_controller/pid/d: 0.02
 * /right_elbow_position_controller/pid/i: 0.0
 * /right_elbow_position_controller/pid/i_cla[33m[ WARN] [1548173481.584740358]: Planner is starting the observation and decision process...................[0m
[33m[ WARN] [1548173481.584826479]: Planner is starting to produce the trajecory[0m
0 0
0 0
0 0
0 0
0 0
0 0
0 0
0 0
0 0
0 0
0 0
0 0
0 0
0 0
0 0
0 0
0 0
0 0
0 0
0 0
0 0
0 0
0 0
0 0
0 0
0 0
0 0
0 0
0 0
0 0
0 0
0 0
0 0
0 0
0 0
0 0
0 0
0 0
0 0
0 0
0 0
0 0
0 0
0 0
0 0
0 0
0 0
0 0
0 0
0 0
0 0
0 0
0 0
0 0
0 0
0 0
0 0
0 0
0 0
0 0
0 0
0 0
0 0
0 0
0 0
0 0
0 0
0 0
0 0
0 0
0 0
0 0
0 0
0 0
0 0
0 0
0 0
0 0
0 0
0 0
0 0
0 0
0 0
0 0
0 0
0 0
0 0
0 0
0 0
0 0
0 0
0 0
0 0
0 0
0 0
0 0
0 0
0 0
0 0
0 0
0 0
0 0
0 0
0 0
0 0
0 0
0 0
0 0
0 0
0 0
0 0
0 0
0 0
0 0
0 0
0 0
0 0
0 0
0 0
0 0
0 0
0 0
0 0
0 0
0 0
0 0
0 0
0 0
0 0
0 0
0 0
0 0
0 0
0 0
0 0
0 0
0 0
0 0
0 0
0 0
0 0
0 0
0 0
0 0
0 0
0 0
0 0
0 0
0 0
0 0
0 0
0 0
0 0
0 0
0 0
0 0
0 0
0 0
0 0
0 0
0 0
0 0
0 0
0 0
0 0
0 0
0 0
0 0
0 0
0 0
0 0
0 0
0 0
0 0
0 0
0 0
0 0
0 0
0 0
0 0
0 0
0 0
0 0
0 0
0 0
0 0
0 0
0 0
0 0
0 0
0 0
0 0
0 0
0 0
0 0
0 0
0 0
0 0
0 0
0 0
0 0
0 0
0 0
0 0
0 0
0 0
0 0
0 0
0 0
0 0
0 0
0 0
0 0
0 0
0 0
0 0
0 0
0 0
0 0
0 0
0 0
0 0
0 0
0 0
0 0
0 0
0 0
0 0
0 0
0 0
0 0
0 0
0 0
0 0
0 0
0 0
0 0
0 0
0 0
0 0
0 0
0 0
0 0
0 0
0 0
0 0
0 0
0 0
0 0
0 0
0 0
0 0
0 0
0 0
0 0
0 0
0 0
0 0
0 0
0 0
0 0
0 0
0 0
0 0
0 0
0 0
0 0
0 0
0 0
0 0
0 0
0 0
0 0
0 0
0 0
0 0
0 0
0 0
0 0
0 0
0 0
0 0
0 0
0 0
0 0
0 0
0 0
0 0
0 0
0 0
0 0
0 0
0 0
0 0
0 0
0 0
0 0
0 0
0 0
0 0
0 0
0 0
0 0
0 0
0 0
0 0
0 0
0 0
0 0
0 0
0 0
0 0
0 0
0 0
0 0
0 0
0 0
0 0
0 0
0 0
0 0
0 0
0 0
0 0
0 0
0 0
0 0
0 0
0 0
0 0
0 0
0 0
0 0
0 0
0 0
0 0
0 0
0 0
0 0
0 0
0 0
0 0
0 0
0 0
0 0
0 0
0 0
0 0
0 0
0 0
0 0
0 0
0 0
0 0
0 0
0 0
0 0
0 0
0 0
0 0
0 0
0 0
0 0
0 0
0 0
0 0
0 0
0 0
0 0
0 0
0 0
0 0
0 0
0 0
0 0
0 0
0 0
0 0
0 0
0 0
0 0
0 0
0 0
0 0
0 0
0 0
0 0
0 0
0 0
0 0
0 0
0 0
0 0
0 0
0 0
0 0
0 0
0 0
0 0
0 0
0 0
0 0
0 0
0 0
0 0
0 0
0 0
0 0
0 0
0 0
0 0
0 0
0 0
0 0
0 0
0 0
0 0
0 0
0 0
0 0
0 0
0 0
0 0
0 0
0 0
0 0
0 0
0 0
0 0
0 0
0 0
0 0
0 0
0 0
0 0
0 0
0 0
0 0
0 0
0 0
0 0
0 0
0 0
0 0
0 0
0 0
0 0
0 0
0 0
0 0
0 0
0 0
0 0
0 0
0 0
0 0
0 0
0 0
0 0
0 0
0 0
0 0
0 0
0 0
0 0
0 0
0 0
0 0
0 0
0 0
0 0
0 0
0 0
0 0
0 0
0 0
0 0
0 0
0 0
0 0
0 0
0 0
0 0
0 0
0 0
0 0
0 0
0 0
0 0
0 0
0 0
0 0
0 0
0 0
0 0
0 0
0 0
0 0
0 0
0 0
0 0
0 0
0 0
0 0
0 0
0 0
0 0
0 0
0 0
0 0
0 0
0 0
0 0
9286.26 -0.0403995
9286.26 -0.040381
9286.27 -0.0403567
9286.28 -0.0403205
9286.28 -0.04031
9286.29 -0.0402983
9286.29 -0.0403005
9286.29 -0.0402958
9286.3 -0.0402877
9286.3 -0.040286
9286.31 -0.0402629
9286.31 -0.0402172
9286.32 -0.0401915
9286.33 -0.040163
9286.33 -0.0401508
9286.34 -0.0400874
9286.34 -0.0400737
9286.34 -0.0400719
9286.35 -0.0400896
9286.35 -0.0401266
9286.36 -0.040105
9286.36 -0.0400879
9286.37 -0.040126
9286.38 -0.0401822
9286.38 -0.0402002
9286.39 -0.0402019
9286.39 -0.040208
9286.39 -0.0401992
9286.4 -0.0402034
9286.4 -0.0402038
9286.41 -0.0401349
9286.41 -0.0400986
9286.42 -0.0400815
9286.43 -0.0400967
9286.43 -0.0401142
9286.44 -0.0401884
9286.44 -0.0401941
9286.44 -0.0401916
9286.45 -0.0401604
9286.45 -0.0401592
9286.46 -0.0401484
9286.46 -0.0401489
9286.47 -0.0401444
9286.48 -0.0401235
9286.48 -0.0401244
9286.49 -0.040122
9286.49 -0.040112
9286.49 -0.0401238
9286.5 -0.0401463
9286.5 -0.0401476
9286.51 -0.0401429
9286.51 -0.0401368
9286.52 -0.0400326
9286.52 -0.0399634
9286.53 -0.0399233
9286.54 -0.0399368
9286.54 -0.0399366
9286.54 -0.0399347
9286.55 -0.0399428
9286.55 -0.0399763
9286.56 -0.0399487
9286.56 -0.0398849
9286.57 -0.0398492
9286.58 -0.0398526
9286.58 -0.0398695
9286.59 -0.039965
9286.59 -0.0399391
9286.59 -0.0398982
9286.6 -0.0399041
9286.6 -0.0399041
9286.61 -0.0399216
9286.61 -0.0398948
9286.62 -0.0399315
9286.63 -0.0400917
9286.63 -0.0399744
9286.64 -0.0397471
9286.64 -0.0396492
9286.64 -0.039588
9286.65 -0.0395353
9286.65 -0.0396396
9286.66 -0.0397369
9286.66 -0.0397871
9286.67 -0.0397298
9286.68 -0.0396289
9286.68 -0.0396388
9286.69 -0.0397311
9286.69 -0.0396954
9286.69 -0.0396428
9286.7 -0.039641
9286.7 -0.0396972
9286.71 -0.0397862
9286.71 -0.0398215
9286.72 -0.0398419
9286.73 -0.0398586
9286.73 -0.0398746
9286.74 -0.0397771
9286.74 -0.0396863
9286.74 -0.0396256
9286.75 -0.0396195
9286.75 -0.0396782
9286.76 -0.0396784
9286.76 -0.0395667
9286.77 -0.039492
9286.78 -0.0396053
9286.78 -0.0396796
9286.79 -0.0396494
9286.79 -0.0395787
9286.79 -0.039514
9286.8 -0.0394641
9286.8 -0.0394405
9286.81 -0.0393412
9286.81 -0.0392728
9286.82 -0.0392481
9286.83 -0.0392574
9286.83 -0.0392638
9286.84 -0.0392797
9286.84 -0.0392772
9286.84 -0.0392743
9286.85 -0.039346
9286.85 -0.0394753
9286.86 -0.039551
9286.86 -0.0395736
9286.87 -0.0396434
9286.88 -0.0397394
9286.88 -0.0397788
9286.89 -0.0398127
9286.89 -0.0398402
9286.89 -0.0398526
9286.9 -0.0398743
9286.9 -0.0398841
9286.91 -0.039785
9286.91 -0.0397336
9286.92 -0.0397251
9286.93 -0.0397597
9286.93 -0.0397941
9286.94 -0.0398752
9286.94 -0.0398894
9286.94 -0.0398961
9286.95 -0.039872
9286.95 -0.0398712
9286.96 -0.0398648
9286.96 -0.0398674
9286.97 -0.0398623
9286.98 -0.0398595
9286.98 -0.0398627
9286.99 -0.0398673
9286.99 -0.0398585
9286.99 -0.0398667
9287 -0.0399021
9287 -0.039911
9287.01 -0.0399111
9287.01 -0.0399074
9287.02 -0.0398963
9287.03 -0.0398883
9287.03 -0.0398866
9287.04 -0.0398734
9287.04 -0.0398442
9287.04 -0.039824
9287.05 -0.0398036
9287.05 -0.0398352
9287.06 -0.0397708
9287.06 -0.0396989
9287.07 -0.0396683
9287.07 -0.039714
9287.08 -0.0397322
9287.09 -0.0397161
9287.09 -0.0397006
9287.09 -0.0396816
9287.1 -0.039695
9287.1 -0.0397391
9287.11 -0.0396998
9287.11 -0.039665
9287.12 -0.0397051
9287.13 -0.0399076
9287.13 -0.0398464
9287.13 -0.0396668
9287.14 -0.0395782
9287.14 -0.0395259
9287.15 -0.0395107
9287.15 -0.0395739
9287.16 -0.0395611
9287.16 -0.0395493
9287.17 -0.0394944
9287.17 -0.039446
9287.18 -0.0394806
9287.19 -0.0395037
9287.19 -0.0394873
9287.19 -0.0394623
9287.2 -0.0394937
9287.21 -0.03957
9287.21 -0.0396707
9287.21 -0.0397138
9287.22 -0.0397413
9287.23 -0.0397611
9287.23 -0.0397652
9287.24 -0.0396863
9287.24 -0.0395955
9287.24 -0.0395402
9287.25 -0.0395394
9287.25 -0.0396034
9287.26 -0.0395868
9287.26 -0.0395309
9287.27 -0.039477
9287.27 -0.0395754
9287.28 -0.0396116
9287.29 -0.0397211
9287.29 -0.0396433
9287.29 -0.0395556
9287.3 -0.0394764
9287.3 -0.0395098
9287.31 -0.03942
9287.31 -0.0394421
9287.32 -0.0395114
9287.32 -0.0395415
9287.33 -0.0394964
9287.34 -0.039251
9287.34 -0.0392003
9287.34 -0.0391944
9287.35 -0.0392836
9287.35 -0.0394153
9287.36 -0.039339
9287.36 -0.0393677
9287.37 -0.0394608
9287.37 -0.0395994
9287.38 -0.0396629
9287.38 -0.0397205
9287.39 -0.0397469
9287.39 -0.0397631
9287.4 -0.0397922
9287.4 -0.039807
9287.41 -0.0397095
9287.41 -0.039658
9287.42 -0.0396533
9287.42 -0.0396984
9287.43 -0.0397312
9287.43 -0.0396542
9287.44 -0.0396691
9287.44 -0.0397025
9287.45 -0.0397337
9287.45 -0.0397645
9287.46 -0.0397809
9287.46 -0.0397952
9287.47 -0.0397934
9287.47 -0.0397995
9287.48 -0.039803
9287.48 -0.0398087
9287.49 -0.0398009
9287.49 -0.0398161
9287.5 -0.0398587
9287.5 -0.0398693
9287.51 -0.0398469
9287.51 -0.039852
9287.52 -0.0398261
9287.52 -0.0398269
9287.53 -0.039814
9287.53 -0.03979
9287.54 -0.039767
9287.54 -0.0397538
9287.55 -0.0397452
9287.55 -0.0397738
9287.56 -0.039699
9287.56 -0.0396241
9287.57 -0.0395925
9287.57 -0.0396596
9287.58 -0.0396821
9287.58 -0.0396647
9287.59 -0.039644
9287.59 -0.0396219
9287.6 -0.039696
9287.6 -0.0395543
9287.61 -0.0395165
9287.61 -0.0394974
9287.62 -0.0395667
9287.62 -0.0396938
9287.63 -0.0396963
9287.63 -0.0394942
9287.64 -0.0394505
9287.64 -0.0394503
9287.65 -0.0395672
9287.65 -0.0396456
9287.66 -0.0396136
9287.66 -0.0395936
9287.67 -0.0396133
9287.67 -0.0395659
9287.68 -0.0395189
9287.69 -0.039562
9287.69 -0.0396012
9287.69 -0.0396359
9287.7 -0.0398209
9287.7 -0.0399257
9287.71 -0.0400346
9287.71 -0.040082
9287.72 -0.0401096
9287.72 -0.0401341
9287.73 -0.0401583
9287.74 -0.0400877
9287.74 -0.0400449
9287.74 -0.0399401
9287.75 -0.0398875
9287.76 -0.0400002
9287.76 -0.0399909
9287.76 -0.0398838
9287.77 -0.0398259
9287.77 -0.0399446
9287.78 -0.04002
9287.78 -0.0401042
9287.79 -0.0401225
9287.79 -0.0401604
9287.8 -0.0401765
9287.8 -0.0402002
9287.81 -0.0402016
9287.81 -0.040058
9287.82 -0.0400588
9287.82 -0.0401086
9287.83 -0.0401403
9287.83 -0.040027
9287.84 -0.0400423
9287.84 -0.040089
9287.85 -0.0401528
9287.85 -0.0401528
9287.86 -0.0401142
9287.86 -0.0400718
9287.87 -0.0400829
9287.87 -0.0401126
9287.88 -0.04017
9287.88 -0.0401989
9287.89 -0.0402246
9287.89 -0.0402311
9287.9 -0.0402461
9287.9 -0.0402571
9287.91 -0.0401508
9287.91 -0.0400981
9287.92 -0.0400881
9287.92 -0.0401362
9287.93 -0.0401701
9287.94 -0.0400579
9287.94 -0.0400726
9287.94 -0.0401219
9287.95 -0.040159
9287.95 -0.0401908
9287.96 -0.0401992
9287.96 -0.0402226
9287.97 -0.040246
9287.97 -0.0402639
9287.98 -0.0402689
9287.98 -0.0402646
9287.99 -0.0402487
9287.99 -0.0402561
9288 -0.0402682
9288 -0.0402845
9288.01 -0.0402679
9288.01 -0.0402796
9288.02 -0.0402532
9288.02 -0.0402671
9288.03 -0.0402585
9288.03 -0.0400826
9288.04 -0.0400513
9288.04 -0.0400601
9288.05 -0.0401019
9288.05 -0.0401607
9288.06 -0.0400577
9288.06 -0.0399917
9288.07 -0.0399722
9288.07 -0.0400662
9288.08 -0.0401317
9288.08 -0.0402043
9288.09 -0.0402379
9288.09 -0.0402582
9288.1 -0.0402926
9288.1 -0.0401248
9288.11 -0.0400453
9288.11 -0.0400404
9288.12 -0.0400708
9288.12 -0.04019
9288.13 -0.0402142
9288.13 -0.0400791
9288.14 -0.0400732
9288.14 -0.0401063
9288.15 -0.0401617
9288.15 -0.0400183
9288.16 -0.0399419
9288.16 -0.0399393
9288.17 -0.039988
9288.17 -0.0400549
9288.18 -0.0400863
9288.18 -0.0401166
9288.19 -0.0401299
9288.19 -0.0401369
9288.2 -0.0402011
9288.2 -0.0400615
9288.21 -0.0399687
9288.21 -0.0399165
9288.22 -0.039968
9288.22 -0.0400898
9288.23 -0.0401181
9288.23 -0.040115
9288.24 -0.0400969
9288.24 -0.0400951
9288.25 -0.0401593
9288.25 -0.0400365
9288.26 -0.0400395
9288.26 -0.040101
9288.27 -0.0400965
9288.27 -0.0401753
9288.28 -0.0402124
9288.28 -0.0402558
9288.29 -0.0402698
9288.29 -0.0402799
9288.3 -0.0402964
9288.3 -0.0403098
9288.31 -0.0402023
9288.31 -0.0401457
9288.32 -0.040146
9288.32 -0.0402004
9288.33 -0.0402304
9288.33 -0.0401066
9288.34 -0.0401214
9288.34 -0.0401654
9288.35 -0.0402149
9288.35 -0.040072
9288.36 -0.0399988
9288.36 -0.0399859
9288.37 -0.0400258
9288.37 -0.0401223
9288.38 -0.0401721
9288.38 -0.0402248
9288.39 -0.0402508
9288.39 -0.040266
9288.4 -0.0402818
9288.4 -0.0402957
9288.41 -0.0401929
9288.41 -0.0401467
9288.42 -0.0401385
9288.42 -0.04019
9288.43 -0.0402212
9288.43 -0.0402728
9288.44 -0.0402789
9288.44 -0.0402892
9288.45 -0.0402877
9288.45 -0.0401189
9288.46 -0.0401214
9288.46 -0.0401639
9288.47 -0.0402114
9288.47 -0.0402637
9288.48 -0.0402832
9288.48 -0.0403009
9288.49 -0.0403041
9288.49 -0.040309
9288.5 -0.0403216
9288.5 -0.0403397
9288.51 -0.0403452
9288.51 -0.0403513
9288.52 -0.040349
9288.52 -0.0403478
9288.53 -0.0403403
9288.54 -0.0403499
9288.54 -0.0403442
9288.54 -0.0403487
9288.55 -0.0403378
9288.55 -0.0403549
9288.56 -0.0403476
9288.56 -0.0403717
9288.57 -0.0403755
9288.58 -0.0404082
9288.58 -0.040394
9288.58 -0.0403818
9288.59 -0.0403592
9288.6 -0.040349
9288.6 -0.0403454
9288.6 -0.0403503
9288.61 -0.0403538
9288.61 -0.0403845
9288.62 -0.0403822
9288.62 -0.0403647
9288.63 -0.0403489
9288.63 -0.0401758
9288.64 -0.0401805
9288.65 -0.0402266
9288.65 -0.0402492
9288.65 -0.0401042
9288.66 -0.0401086
9288.66 -0.0400199
9288.67 -0.0400599
9288.67 -0.0401436
9288.68 -0.0401775
9288.69 -0.0402049
9288.69 -0.0402069
9288.69 -0.0402318
9288.7 -0.0402739
9288.71 -0.040138
9288.71 -0.0401224
9288.71 -0.0401631
9288.72 -0.0402085
9288.72 -0.0402702
9288.73 -0.040276
9288.73 -0.0402687
9288.74 -0.0402258
9288.75 -0.0402329
9288.75 -0.0402493
9288.76 -0.0402987
9288.76 -0.0402746
9288.76 -0.0402941
9288.77 -0.0403138
9288.77 -0.040328
9288.78 -0.0403322
9288.78 -0.0403386
9288.79 -0.0403402
9288.8 -0.040335
9288.8 -0.0403426
9288.81 -0.0401788
9288.81 -0.0401818
9288.81 -0.0402094
9288.82 -0.040238
9288.82 -0.0402834
9288.83 -0.0402993
9288.84 -0.0401687
9288.84 -0.0401648
9288.85 -0.040223
9288.85 -0.0402522
9288.85 -0.0401082
9288.86 -0.0400196
9288.86 -0.0400055
9288.87 -0.0400495
9288.87 -0.040147
9288.88 -0.0402007
9288.88 -0.0402335
9288.89 -0.0402583
9288.9 -0.0402851
9288.9 -0.0403029
9288.91 -0.0403195
9288.91 -0.0403208
9288.91 -0.0403364
9288.92 -0.040333
9288.92 -0.04034
9288.93 -0.0402395
9288.94 -0.040194
9288.94 -0.0401939
9288.94 -0.0402293
9288.95 -0.0402661
9288.95 -0.0401169
9288.96 -0.0401319
9288.96 -0.0401722
9288.97 -0.0402119
9288.97 -0.0402682
9288.98 -0.0402983
9288.99 -0.0403125
9288.99 -0.0403222
9288.99 -0.0403278
9289 -0.0403405
9289.01 -0.0403551
9289.01 -0.0403655
9289.01 -0.0403686
9289.02 -0.0403673
9289.02 -0.0403686
9289.03 -0.0403623
9289.04 -0.040375
9289.04 -0.0403678
9289.05 -0.0403594
9289.05 -0.0403502
9289.05 -0.0403586
9289.06 -0.0403335
9289.06 -0.0403362
9289.07 -0.0403449
9289.07 -0.0403344
9289.08 -0.0403073
9289.08 -0.0402996
9289.09 -0.0402645
9289.1 -0.0402916
9289.1 -0.0403124
9289.11 -0.0401714
9289.11 -0.0401565
9289.11 -0.0400719
9289.12 -0.0401431
9289.12 -0.0402297
9289.13 -0.0402531
9289.13 -0.0400983
9289.14 -0.0401143
9289.15 -0.040177
9289.15 -0.0402078
9289.16 -0.0400962
9289.16 -0.0400736
9289.16 -0.0399807
9289.17 -0.0400288
9289.17 -0.040129
9289.18 -0.0401702
9289.19 -0.040199
9289.19 -0.0401957
9289.19 -0.0402268
9289.2 -0.0402763
9289.21 -0.040142
9289.21 -0.040159
9289.21 -0.0401969
9289.22 -0.0402371
9289.22 -0.0402918
9289.23 -0.0403068
9289.23 -0.0403229
9289.24 -0.040334
9289.25 -0.0403493
9289.25 -0.0403441
9289.26 -0.0401955
9289.26 -0.0401666
9289.26 -0.0402243
9289.27 -0.0402815
9289.27 -0.0403044
9289.28 -0.0403229
9289.29 -0.0403306
9289.29 -0.0403369
9289.29 -0.0403367
9289.3 -0.0403425
9289.3 -0.0401732
9289.31 -0.0401946
9289.31 -0.040228
9289.32 -0.0402622
9289.32 -0.0403055
9289.33 -0.0403126
9289.34 -0.0401801
9289.34 -0.0401742
9289.35 -0.0402302
9289.35 -0.0402561
9289.36 -0.0401398
9289.36 -0.040147
9289.36 -0.0402205
9289.37 -0.0402881
9289.37 -0.0403027
9289.38 -0.0403193
9289.39 -0.0403231
9289.39 -0.0403243
9289.39 -0.0403293
9289.4 -0.0403448
9289.41 -0.0401867
9289.41 -0.0401666
9289.42 -0.0400698
9289.42 -0.0400954
9289.42 -0.0401887
9289.43 -0.0401477
9289.44 -0.0401213
9289.44 -0.0401308
9289.45 -0.0402009
9289.45 -0.0402276
9289.45 -0.0401402
9289.46 -0.0400908
9289.46 -0.040172
9289.47 -0.0402188
9289.47 -0.0402762
9289.48 -0.0402966
9289.48 -0.0403131
9289.49 -0.0403352
9289.49 -0.0403352
9289.5 -0.0403567
9289.5 -0.0401925
9289.51 -0.0401848
9289.52 -0.0402406
9289.52 -0.0402884
9289.52 -0.0403116
9289.53 -0.0403213
9289.54 -0.0403431
9289.54 -0.0403404
9289.55 -0.0403448
9289.55 -0.0403413
9289.56 -0.0403565
9289.56 -0.0403495
9289.56 -0.0403574
9289.57 -0.0403566
9289.58 -0.040349
9289.58 -0.0403323
9289.58 -0.0403285
9289.59 -0.040315
9289.6 -0.0403276
9289.6 -0.0403425
9289.61 -0.0401958
9289.61 -0.0401835
9289.61 -0.040217
9289.62 -0.0402712
9289.62 -0.0402811
9289.63 -0.0402662
9289.64 -0.0402567
9289.64 -0.0402319
9289.64 -0.0402641
9289.65 -0.0402894
9289.66 -0.0401252
9289.66 -0.0400921
9289.66 -0.0401471
9289.67 -0.040234
9289.67 -0.04027
9289.68 -0.0403073
9289.69 -0.0403203
9289.69 -0.0403257
9289.7 -0.0403358
9289.7 -0.0403427
9289.71 -0.0403512
9289.71 -0.0403542
9289.71 -0.0403758
9289.72 -0.0403793
9289.72 -0.0403783
9289.73 -0.0403742
9289.74 -0.040384
9289.74 -0.0403803
9289.75 -0.0403845
9289.75 -0.040372
9289.76 -0.0402192
9289.76 -0.0401938
9289.76 -0.0402493
9289.77 -0.040302
9289.77 -0.0403207
9289.78 -0.0403268
9289.79 -0.0403366
9289.79 -0.040338
9289.8 -0.0403377
9289.8 -0.0403445
9289.8 -0.0401767
9289.81 -0.0401928
9289.81 -0.0402262
9289.82 -0.040278
9289.82 -0.0403009
9289.83 -0.0402247
9289.84 -0.0401876
9289.84 -0.0401877
9289.85 -0.0402432
9289.85 -0.040262
9289.86 -0.0401235
9289.86 -0.0401203
9289.86 -0.0401744
9289.87 -0.0402445
9289.88 -0.0402784
9289.88 -0.0403058
9289.89 -0.0403208
9289.89 -0.0403295
9289.9 -0.0403553
9289.9 -0.0403663
9289.9 -0.0402114
9289.91 -0.0401904
9289.91 -0.0402403
9289.92 -0.0402844
9289.92 -0.0403039
9289.93 -0.0403221
9289.93 -0.040335
9289.94 -0.0403399
9289.95 -0.0403579
9289.95 -0.0403515
9289.96 -0.0401981
9289.96 -0.0401993
9289.96 -0.0402428
9289.97 -0.0403025
9289.97 -0.0403269
9289.98 -0.0403421
9289.99 -0.0403467
9289.99 -0.0403507
9290 -0.0403596
9290 -0.0403669
9290.01 -0.04021
9290.01 -0.0401883
9290.01 -0.0402404
9290.02 -0.040272
9290.02 -0.0403168
9290.03 -0.0403345
9290.04 -0.0403454
9290.04 -0.0403382
9290.05 -0.0403291
9290.05 -0.0403224
9290.06 -0.0403315
9290.06 -0.0403129
9290.06 -0.0403304
9290.07 -0.0403398
9290.07 -0.0403349
9290.08 -0.0403133
9290.09 -0.0402975
9290.09 -0.0402784
9290.1 -0.0403124
9290.1 -0.0403343
9290.11 -0.0402665
9290.11 -0.0402347
9290.11 -0.0402161
9290.12 -0.0402653
9290.12 -0.0402645
9290.13 -0.0401215
9290.14 -0.0400514
9290.14 -0.0400211
9290.15 -0.0400832
9290.15 -0.0401023
9290.16 -0.0399463
9290.16 -0.0399273
9290.16 -0.0400178
9290.17 -0.0401409
9290.17 -0.0402022
9290.18 -0.0402533
9290.19 -0.0402757
9290.19 -0.0402944
9290.2 -0.0403164
9290.2 -0.0403276
9290.21 -0.0401712
9290.21 -0.0401524
9290.21 -0.040219
9290.22 -0.0402786
9290.22 -0.0403046
9290.23 -0.0403165
9290.24 -0.0403285
9290.24 -0.0403305
9290.24 -0.0403432
9290.25 -0.0403353
9290.25 -0.0401725
9290.26 -0.0401635
9290.26 -0.0402262
9290.27 -0.0402804
9290.27 -0.0403058
9290.28 -0.0403175
9290.28 -0.0403304
9290.29 -0.0403384
9290.3 -0.0403323
9290.3 -0.040338
9290.31 -0.0401906
9290.31 -0.0401927
9290.31 -0.0402203
9290.32 -0.0402726
9290.32 -0.0402982
9290.33 -0.0403257
9290.34 -0.0403468
9290.34 -0.0403415
9290.35 -0.0403487
9290.35 -0.0403338
9290.36 -0.0401681
9290.36 -0.0401499
9290.36 -0.0402172
9290.37 -0.0402883
9290.37 -0.0402972
9290.38 -0.0402821
9290.38 -0.040271
9290.39 -0.0402805
9290.39 -0.0402805
9290.4 -0.0401518
9290.41 -0.0400567
9290.41 -0.0400887
9290.41 -0.040145
9290.42 -0.0402193
9290.42 -0.0402519
9290.43 -0.0402704
9290.44 -0.0403041
9290.44 -0.0403109
9290.45 -0.0403293
9290.45 -0.0403238
9290.45 -0.0401728
9290.46 -0.0401772
9290.46 -0.0402204
9290.47 -0.0402773
9290.47 -0.0403059
9290.48 -0.0403253
9290.49 -0.0403324
9290.49 -0.040334
9290.5 -0.0403425
9290.5 -0.0403413
9290.5 -0.0403569
9290.51 -0.0403543
9290.51 -0.0403634
9290.52 -0.0403598
9290.52 -0.0403617
9290.53 -0.0403562
9290.54 -0.0403686
9290.54 -0.040362
9290.55 -0.0403616
9290.55 -0.0403543
9290.55 -0.0401891
9290.56 -0.0402023
9290.56 -0.0402396
9290.57 -0.0402899
9290.57 -0.0403143
9290.58 -0.0403266
9290.59 -0.0403409
9290.59 -0.0403441
9290.6 -0.0403534
9290.6 -0.0403591
9290.6 -0.0403715
9290.61 -0.040379
9290.61 -0.0403821
9290.62 -0.0403736
9290.62 -0.0403703
9290.63 -0.0403549
9290.64 -0.0403649
9290.64 -0.0403388
9290.65 -0.0403237
9290.65 -0.0402929
9290.65 -0.0401073
9290.66 -0.0400883
9290.66 -0.0401462
9290.67 -0.040221
9290.67 -0.0402396
9290.68 -0.0402264
9290.69 -0.0402455
9290.69 -0.0402733
9290.7 -0.0403094
9290.7 -0.0403257
9290.7 -0.0401603
9290.71 -0.0401848
9290.71 -0.0402207
9290.72 -0.040274
9290.72 -0.0403077
9290.73 -0.0403207
9290.74 -0.040387
9290.74 -0.0403746
9290.75 -0.0401774
9290.75 -0.0401577
9290.75 -0.0400217
9290.76 -0.0400811
9290.76 -0.0401524
9290.77 -0.0402351
9290.77 -0.0402715
9290.78 -0.0402891
9290.79 -0.0403128
9290.79 -0.0403219
9290.8 -0.0403295
9290.8 -0.0403366
9290.8 -0.0403553
9290.81 -0.0403542
9290.81 -0.0403633
9290.82 -0.0403608
9290.82 -0.0403638
9290.83 -0.0403591
9290.84 -0.0403792
9290.84 -0.0403727
9290.85 -0.0403799
9290.85 -0.0403667
9290.85 -0.0402002
9290.86 -0.0402051
9290.86 -0.0402686
9290.87 -0.040322
9290.87 -0.0403327
9290.88 -0.0403319
9290.89 -0.0403408
9290.89 -0.0403419
9290.9 -0.0403551
9290.9 -0.0403639
9290.9 -0.0401957
9290.91 -0.0402093
9290.91 -0.0402461
9290.92 -0.0402965
9290.92 -0.0403206
9290.93 -0.0403232
9290.94 -0.0403461
9290.94 -0.0403461
9290.95 -0.0403548
9290.95 -0.0403426
9290.95 -0.0401702
9290.96 -0.0401807
9290.96 -0.0402228
9290.97 -0.0402751
9290.97 -0.0403055
9290.98 -0.0403205
9290.99 -0.0403401
9290.99 -0.0403442
9291 -0.0403594
9291 -0.0403677
9291 -0.0401963
9291.01 -0.0402093
9291.01 -0.0402452
9291.02 -0.0402976
9291.02 -0.0403219
9291.03 -0.0403288
9291.04 -0.0403479
9291.04 -0.0403451
9291.05 -0.0403456
9291.05 -0.0403405
9291.05 -0.0403595
9291.06 -0.0403532
9291.06 -0.0403639
9291.07 -0.0403662
9291.07 -0.0403676
9291.08 -0.0403627
9291.08 -0.0403582
9291.09 -0.0403555
9291.09 -0.0403653
9291.1 -0.0403722
9291.1 -0.040204
9291.11 -0.040228
9291.11 -0.0402618
9291.12 -0.0403031
9291.12 -0.0403297
9291.13 -0.0403405
9291.13 -0.0403602
9291.14 -0.0403545
9291.15 -0.0401831
9291.15 -0.0401668
9291.15 -0.0400238
9291.16 -0.0400892
9291.16 -0.0401616
9291.17 -0.0402537
9291.17 -0.0402802
9291.18 -0.0402869
9291.19 -0.0402971
9291.19 -0.0403056
9291.2 -0.0403325
9291.2 -0.0403316
9291.2 -0.0401415
9291.21 -0.0401241
9291.21 -0.0401695
9291.22 -0.0402271
9291.22 -0.0402382
9291.23 -0.0402293
9291.23 -0.0402176
9291.24 -0.0401922
9291.24 -0.0402519
9291.25 -0.040241
9291.25 -0.0400598
9291.26 -0.0400296
9291.26 -0.0401074
9291.27 -0.040215
9291.27 -0.0402332
9291.28 -0.04021
9291.29 -0.0401609
9291.29 -0.0401929
9291.3 -0.0402439
9291.3 -0.040238
9291.3 -0.040214
9291.31 -0.0402153
9291.31 -0.0402536
9291.32 -0.0402563
9291.32 -0.0402201
9291.33 -0.0401682
9291.33 -0.0401165
9291.34 -0.0400776
9291.35 -0.0401035
9291.35 -0.0400955
9291.35 -0.0400924
9291.36 -0.0400523
9291.36 -0.0401555
9291.37 -0.0402398
9291.37 -0.040221
9291.38 -0.0401591
9291.38 -0.0400541
9291.39 -0.0400463
9291.4 -0.0399437
9291.4 -0.0399499
9291.4 -0.0397649
9291.41 -0.0397357
9291.41 -0.0398663
9291.42 -0.0399829
9291.42 -0.0399787
9291.43 -0.0399456
9291.43 -0.0399061
9291.44 -0.0399948
9291.44 -0.0401325
9291.45 -0.0401135
9291.45 -0.0398882
9291.46 -0.0398025
9291.46 -0.0398985
9291.47 -0.0400665
9291.47 -0.0400803
9291.48 -0.0400253
9291.49 -0.0399226
9291.49 -0.0400014
9291.49 -0.0399479
9291.5 -0.0399342
9291.5 -0.0399056
9291.51 -0.0398145
9291.51 -0.0399348
9291.52 -0.0398852
9291.52 -0.0398522
9291.53 -0.0398145
9291.54 -0.0397818
9291.54 -0.0399045
9291.54 -0.0400734
9291.55 -0.0401526
9291.55 -0.0402292
9291.56 -0.0402743
9291.56 -0.0403065
9291.57 -0.040323
9291.57 -0.0402444
9291.58 -0.0401135
9291.58 -0.0400844
9291.59 -0.0401497
9291.59 -0.040238
9291.6 -0.0401869
9291.6 -0.0399489
9291.61 -0.0398307
9291.61 -0.0399315
9291.62 -0.039991
9291.62 -0.0399396
9291.63 -0.0398653
9291.63 -0.0398966
9291.64 -0.0399912
9291.64 -0.0401077
9291.65 -0.0401161
9291.65 -0.0400848
9291.66 -0.0398625
9291.66 -0.0399698
9291.67 -0.0400196
9291.67 -0.0399513
9291.68 -0.0398618
9291.69 -0.0399192
9291.69 -0.0400365
9291.69 -0.0399814
9291.7 -0.0399346
9291.7 -0.0396765
9291.71 -0.0395401
9291.71 -0.0397022
9291.72 -0.0398356
9291.72 -0.039803
9291.73 -0.0397315
9291.73 -0.0396581
9291.74 -0.0398036
9291.74 -0.0400038
9291.75 -0.0399729
9291.75 -0.0398912
9291.76 -0.0397057
9291.76 -0.039846
9291.77 -0.0400346
9291.77 -0.0400215
9291.78 -0.039913
9291.78 -0.0399305
9291.79 -0.0400326
9291.79 -0.0401477
9291.8 -0.0400925
9291.8 -0.0399763
9291.81 -0.0399659
9291.81 -0.040069
9291.82 -0.0400628
9291.82 -0.0399504
9291.83 -0.039824
9291.83 -0.0396861
9291.84 -0.0398243
9291.84 -0.0398539
9291.85 -0.039948
9291.85 -0.0400657
9291.86 -0.040149
9291.86 -0.040231
9291.87 -0.0401506
9291.87 -0.0399959
9291.88 -0.0398405
9291.88 -0.0397728
9291.89 -0.0398452
9291.89 -0.0398188
9291.9 -0.0397989
9291.9 -0.039548
9291.91 -0.0396266
9291.91 -0.039805
9291.92 -0.0398894
9291.92 -0.0398051
9291.93 -0.0396909
9291.93 -0.0397773
9291.94 -0.0399243
9291.94 -0.0399174
9291.95 -0.0398577
9291.95 -0.0395818
9291.96 -0.0394102
9291.96 -0.0396063
9291.97 -0.0397607
9291.97 -0.0397144
9291.98 -0.0396248
9291.98 -0.0395011
9291.99 -0.0396779
9291.99 -0.0396107
9292 -0.039537
9292 -0.0394338
9292.01 -0.0396814
9292.01 -0.0398687
9292.02 -0.0397093
9292.02 -0.0396051
9292.03 -0.0396499
9292.03 -0.0398827
9292.04 -0.0400182
9292.05 -0.0401371
9292.05 -0.0401884
9292.06 -0.040256
9292.06 -0.0402758
9292.06 -0.0402996
9292.07 -0.0403163
9292.07 -0.040329
9292.08 -0.0403386
9292.09 -0.0403476
9292.09 -0.0403472
9292.09 -0.0403586
9292.1 -0.0403569
9292.1 -0.0403531
9292.11 -0.0403406
9292.11 -0.0403514
9292.12 -0.040338
9292.12 -0.0403304
9292.13 -0.0403114
9292.13 -0.0403485
9292.14 -0.040347
9292.14 -0.040169
9292.15 -0.0401378
9292.15 -0.0401743
9292.16 -0.0401878
9292.16 -0.0402407
9292.17 -0.0402496
9292.17 -0.0402378
9292.18 -0.0402181
9292.18 -0.0402404
9292.19 -0.0402704
9292.19 -0.0401098
9292.2 -0.0400853
9292.2 -0.0400849
9292.21 -0.0401333
9292.21 -0.0401987
9292.22 -0.0402297
9292.22 -0.0402084
9292.23 -0.0401657
9292.23 -0.0401177
9292.24 -0.0401247
9292.24 -0.0399521
9292.25 -0.0399166
9292.25 -0.0399752
9292.26 -0.0400845
9292.26 -0.0400971
9292.27 -0.0400617
9292.27 -0.0400367
9292.28 -0.0400079
9292.28 -0.0400754
9292.29 -0.0401483
9292.29 -0.0401664
9292.3 -0.0401254
9292.3 -0.0401403
9292.31 -0.0402
9292.31 -0.0402498
9292.32 -0.0402339
9292.32 -0.0401697
9292.33 -0.0400945
9292.33 -0.0401233
9292.34 -0.0401794
9292.34 -0.0400756
9292.35 -0.0400336
9292.35 -0.0400648
9292.36 -0.0400361
9292.36 -0.0400056
9292.37 -0.03996
9292.37 -0.0399454
9292.38 -0.039921
9292.38 -0.0398928
9292.39 -0.0399282
9292.39 -0.0396941
9292.4 -0.0396794
9292.4 -0.0397708
9292.41 -0.0399534
9292.41 -0.0400703
9292.42 -0.0401015
9292.43 -0.0400411
9292.43 -0.0399634
9292.43 -0.0400137
9292.44 -0.0400955
9292.45 -0.0398277
9292.45 -0.0397542
9292.45 -0.0396372
9292.46 -0.0398197
9292.46 -0.0398597
9292.47 -0.0397401
9292.47 -0.0397215
9292.48 -0.0397075
9292.48 -0.039694
9292.49 -0.0398376
9292.49 -0.0398094
9292.5 -0.0397779
9292.5 -0.0398433
9292.51 -0.0400149
9292.51 -0.0401253
9292.52 -0.0399921
9292.52 -0.039911
9292.53 -0.0399249
9292.53 -0.0400719
9292.54 -0.0401504
9292.54 -0.0402238
9292.55 -0.0402511
9292.55 -0.0402865
9292.56 -0.0403023
9292.56 -0.0403244
9292.57 -0.0400988
9292.57 -0.0399758
9292.58 -0.0398715
9292.58 -0.0399311
9292.59 -0.0400456
9292.59 -0.039893
9292.6 -0.0398081
9292.6 -0.0396673
9292.61 -0.0396646
9292.61 -0.0397531
9292.62 -0.0397552
9292.62 -0.0397101
9292.63 -0.0396641
9292.63 -0.0398029
9292.64 -0.0399433
9292.64 -0.0399327
9292.65 -0.0399955
9292.65 -0.0401243
9292.66 -0.0402187
9292.66 -0.039981
9292.67 -0.0397075
9292.67 -0.0396323
9292.68 -0.0395865
9292.69 -0.0397423
9292.69 -0.0399088
9292.69 -0.0399056
9292.7 -0.039872
9292.7 -0.0399045
9292.71 -0.0400152
9292.71 -0.040113
9292.72 -0.0399252
9292.73 -0.0398082
9292.73 -0.039823
9292.73 -0.0400011
9292.74 -0.0401039
9292.74 -0.0397326
9292.75 -0.0395979
9292.75 -0.039657
9292.76 -0.0398688
9292.76 -0.0398253
9292.77 -0.039696
9292.77 -0.039621
9292.78 -0.0396855
9292.78 -0.0399136
9292.79 -0.0400479
9292.79 -0.0400311
9292.8 -0.0399025
9292.8 -0.0399015
9292.81 -0.040026
9292.81 -0.0401288
9292.82 -0.0402202
9292.82 -0.0402617
9292.83 -0.040284
9292.83 -0.040324
9292.84 -0.040326
9292.84 -0.040159
9292.85 -0.0401483
9292.85 -0.0401939
9292.86 -0.0402465
9292.86 -0.0401788
9292.87 -0.0401341
9292.87 -0.040173
9292.88 -0.0402135
9292.88 -0.0401589
9292.89 -0.0400238
9292.89 -0.0398194
9292.9 -0.0397197
9292.9 -0.0396449
9292.91 -0.0395536
9292.91 -0.0395179
9292.92 -0.0394797
9292.92 -0.0394612
9292.93 -0.0394476
9292.93 -0.0394489
9292.94 -0.0394428
9292.94 -0.03942
9292.95 -0.0393946
9292.95 -0.0393896
9292.96 -0.0393933
9292.96 -0.0393855
9292.97 -0.0393592
9292.97 -0.0393554
9292.98 -0.0393476
9292.98 -0.0393422
9292.99 -0.0393848
9292.99 -0.0393747
9293 -0.0393633
9293 -0.0393842
9293.01 -0.0394374
9293.01 -0.0394842
9293.02 -0.0395239
9293.02 -0.0395483
9293.03 -0.0395628
9293.03 -0.039589
9293.04 -0.0395954
9293.04 -0.0396089
9293.05 -0.0396122
9293.05 -0.0396345
9293.06 -0.0396452
9293.06 -0.0396627
9293.07 -0.039666
9293.07 -0.0396699
9293.08 -0.0396743
9293.08 -0.0396799
9293.09 -0.0396875
9293.09 -0.0397101
9293.1 -0.0396063
9293.1 -0.0395633
9293.11 -0.039601
9293.11 -0.0396545
9293.12 -0.0397014
9293.12 -0.0397271
9293.13 -0.0397439
9293.13 -0.039667
9293.14 -0.0396639
9293.14 -0.0396499
9293.15 -0.0396783
9293.15 -0.0397216
9293.16 -0.0397542
9293.16 -0.039735
9293.17 -0.0397226
9293.17 -0.0397486
9293.18 -0.0397731
9293.18 -0.0397989
9293.19 -0.0398106
9293.19 -0.0397339
9293.2 -0.0397447
9293.2 -0.0397694
9293.21 -0.039794
9293.21 -0.0398166
9293.22 -0.0398269
9293.22 -0.0398378
9293.23 -0.0398758
9293.23 -0.039928
9293.24 -0.0399073
9293.24 -0.0398864
9293.25 -0.0398689
9293.25 -0.0398768
9293.26 -0.0398803
9293.26 -0.0398354
9293.27 -0.0398063
9293.27 -0.0398383
9293.28 -0.0398709
9293.28 -0.0399056
9293.29 -0.0399295
9293.29 -0.0399398
9293.3 -0.0399531
9293.3 -0.0399629
9293.31 -0.0399698
9293.31 -0.0399831
9293.32 -0.0399912
9293.32 -0.0399981
9293.33 -0.0400065
9293.33 -0.040025
9293.34 -0.0400234
9293.34 -0.0399107
9293.35 -0.0399004
9293.35 -0.0399312
9293.36 -0.0399637
9293.36 -0.0399967
9293.37 -0.0400219
9293.37 -0.0400287
9293.38 -0.0400356
9293.38 -0.0399768
9293.39 -0.0399438
9293.39 -0.0398384
9293.4 -0.0398723
9293.4 -0.0399208
9293.41 -0.0399642
9293.41 -0.0399995
9293.42 -0.0400302
9293.42 -0.0400476
9293.43 -0.0400559
9293.43 -0.0400013
9293.44 -0.0399602
9293.44 -0.0398578
9293.45 -0.0398791
9293.45 -0.0399375
9293.46 -0.0399891
9293.46 -0.0399547
9293.47 -0.0399415
9293.47 -0.0399805
9293.48 -0.0400188
9293.48 -0.0400644
9293.49 -0.0400814
9293.49 -0.0401032
9293.5 -0.0401172
9293.5 -0.0401298
9293.51 -0.0401361
9293.51 -0.0401458
9293.52 -0.0401491
9293.52 -0.0401525
9293.53 -0.0401472
9293.53 -0.0401608
9293.54 -0.0401564
9293.54 -0.0401563
9293.55 -0.0401548
9293.55 -0.0401683
9293.56 -0.0401703
9293.56 -0.0401795
9293.57 -0.0401781
9293.57 -0.0401789
9293.58 -0.0401806
9293.58 -0.0400996
9293.59 -0.0400557
9293.59 -0.0399272
9293.6 -0.0399613
9293.6 -0.0400147
9293.61 -0.0400776
9293.61 -0.0401104
9293.62 -0.0401303
9293.62 -0.0401474
9293.63 -0.040153
9293.63 -0.0401292
9293.64 -0.0401179
9293.64 -0.0400567
9293.65 -0.0400263
9293.65 -0.0400753
9293.66 -0.0401226
9293.66 -0.0400711
9293.67 -0.0400476
9293.67 -0.0400686
9293.68 -0.0401003
9293.68 -0.0400463
9293.69 -0.0400134
9293.69 -0.0399354
9293.7 -0.0399294
9293.7 -0.0399882
9293.71 -0.040058
9293.71 -0.0401085
9293.72 -0.0401385
9293.72 -0.0401676
9293.73 -0.0401818
9293.73 -0.040214
9293.74 -0.040183
9293.74 -0.0400757
9293.75 -0.0399998
9293.75 -0.0400359
9293.76 -0.0400805
9293.76 -0.0400307
9293.77 -0.0400133
9293.77 -0.0400182
9293.78 -0.0400812
9293.78 -0.0401365
9293.79 -0.0401594
9293.79 -0.0401573
9293.8 -0.040186
9293.8 -0.040201
9293.81 -0.0402159
9293.81 -0.040228
9293.82 -0.0402326
9293.82 -0.0402369
9293.83 -0.0402415
9293.83 -0.0402603
9293.84 -0.0402583
9293.84 -0.0402652
9293.85 -0.0402653
9293.85 -0.0402729
9293.86 -0.0402719
9293.86 -0.0401886
9293.87 -0.0401459
9293.87 -0.0401528
9293.88 -0.0401862
9293.88 -0.0402229
9293.89 -0.0402421
9293.89 -0.0402563
9293.9 -0.0402731
9293.9 -0.0402745
9293.91 -0.040269
9293.91 -0.0402721
9293.92 -0.0402698
9293.92 -0.0402693
9293.93 -0.0402725
9293.93 -0.0401924
9293.94 -0.0401411
9293.94 -0.0400465
9293.95 -0.0400131
9293.95 -0.0400775
9293.96 -0.040141
9293.96 -0.0400925
9293.97 -0.040072
9293.97 -0.040106
9293.98 -0.0401529
9293.98 -0.0402121
9293.99 -0.0402366
9293.99 -0.040155
9294 -0.0401158
9294 -0.0401527
9294.01 -0.0401966
9294.01 -0.0402342
9294.02 -0.0402499
9294.02 -0.0402618
9294.03 -0.0402674
9294.03 -0.0402834
9294.04 -0.0402812
9294.04 -0.0402751
9294.05 -0.0402708
9294.05 -0.0402869
9294.06 -0.0402922
9294.06 -0.0402085
9294.07 -0.0401598
9294.07 -0.0401662
9294.08 -0.040202
9294.08 -0.0402406
9294.09 -0.040261
9294.09 -0.0402776
9294.1 -0.0402949
9294.1 -0.0403028
9294.11 -0.0403075
9294.11 -0.0403137
9294.12 -0.0403139
9294.12 -0.0403136
9294.13 -0.0403173
9294.13 -0.0402775
9294.14 -0.0402559
9294.14 -0.0402769
9294.15 -0.0403003
9294.15 -0.0403189
9294.16 -0.0403281
9294.16 -0.0402402
9294.17 -0.0401964
9294.17 -0.0402029
9294.18 -0.0402406
9294.18 -0.0402744
9294.19 -0.0402892
9294.19 -0.0403007
9294.2 -0.0403245
9294.2 -0.040335
9294.21 -0.0403347
9294.21 -0.0403388
9294.22 -0.0403392
9294.22 -0.0403362
9294.23 -0.0403385
9294.23 -0.0403283
9294.24 -0.0403012
9294.24 -0.0402938
9294.25 -0.0402877
9294.25 -0.0402959
9294.26 -0.0402922
9294.26 -0.0402046
9294.27 -0.0401616
9294.27 -0.0401799
9294.28 -0.0402237
9294.28 -0.040264
9294.29 -0.0402857
9294.29 -0.040293
9294.3 -0.0403105
9294.3 -0.0403228
9294.31 -0.0403297
9294.31 -0.040338
9294.32 -0.0403391
9294.32 -0.0403406
9294.33 -0.0403397
9294.33 -0.0403455
9294.34 -0.0403387
9294.34 -0.0403451
9294.35 -0.040352
9294.35 -0.0403506
9294.36 -0.0403524
[33m[ WARN] [1548173481.332951136]: The root link cepheus has an inertia specified in the URDF, but KDL does not support a root link with an inertia.  As a workaround, you can add an extra dummy link to your URDF.[0m
[33m[ WARN] [1548173482.039791300]: joint_state_publisher reaction_wheel_effort_controller[0m
[0m[ INFO] [1548173482.039992179]: RELOADED CONTROLLERS LIBRARIES[0m
[0m[ INFO] [1548173484.043084675]: joint_state_publisher[0m
[0m[ INFO] [1548173484.043126024]: reaction_wheel_effort_controller[0m
[0m[ INFO] [1548173481.690333544]: Succesfully parsed all LED parameters![0m
[0m[ INFO] [1548173481.648298489]: Succesfully parsed all LED parameters![0m
[0m[ INFO] [1548173481.763913608]: Controller started with Planner interface[0m
[0m[ INFO] [1548173489.817694741]: Controller Initialized[0m
[INFO] [1548173483.749739]: Controller Spawner: Waiting for service controller_manager/load_controller
[INFO] [1548173483.752019]: Controller Spawner: Waiting for service controller_manager/switch_controller
[INFO] [1548173483.754059]: Controller Spawner: Waiting for service controller_manager/unload_controller
[INFO] [1548173483.756494]: Loading controller: joint_state_publisher
[INFO] [1548173483.770599]: Loading controller: reaction_wheel_effort_controller
[INFO] [1548173483.790775]: Controller Spawner: Loaded controllers: joint_state_publisher, reaction_wheel_effort_controller
[INFO] [1548173483.795573]: Started controllers: joint_state_publisher, reaction_wheel_effort_controller
[INFO] [1548173492.360204]: Shutting down spawner. Stopping and unloading controllers...
[INFO] [1548173492.360710]: Stopping all controllers...
[INFO] [1548173492.412979]: Unloading all loaded controllers...
[INFO] [1548173492.413461]: Trying to unload reaction_wheel_effort_controller
... logging to /root/.ros/log/5a92e078-1e60-11e9-bf0b-ec086b0a6d0b/roslaunch-mrrobot-32479.log
Checking log directory for disk usage. This may take awhile.
Press Ctrl-C to interrupt
Done checking log file disk usage. Usage is <1GB.
]2;/home/mrrobot/ilias_ws/src/cepheus_robot/launch/spawner.launch
[1mstarted roslaunch server http://192.168.1.103:45297/[0m

SUMMARY
========

PARAMETERS
 * /rosdistro: kinetic
 * /rosversion: 1.12.14

NODES
  /
    cepheus_controller_spawner (controller_manager/spawner)

[1mROS_MASTER_URI=http://mrrobot.local:11311[0m
]2;/home/mrrobot/ilias_ws/src/cepheus_robot/launch/spawner.launch http://mrrobot.local:11311
[1mprocess[cepheus_controller_spawner-1]: started with pid [32498][0m
[cepheus_controller_spawner-1] killing on exit
shutting down processing monitor...
... shutting down processing monitor complete
[1mdone[0m
