... logging to /root/.ros/log/c3ae2220-1e60-11e9-bf0b-ec086b0a6d0b/roslaunch-mrrobot-3493.log
Checking log directory for disk usage. This may take awhile.
Press Ctrl-C to interrupt
Done checking log file disk usage. Usage is <1GB.
]2;/home/mrrobot/ilias_ws/src/cepheus_robot/launch/launch_cepheus_robot.launch
[1mstarted roslaunch server http://192.168.1.103:45951/[0m

SUMMARY
========

PARAMETERS
 * /assist_robot_leds: [{'position': [0....
 * /base_controller/kd_gain_ang: 1.24035
 * /base_controller/kd_gain_lin: 12.0
 * /base_controller/kp_gain_ang: 1.0
 * /base_controller/kp_gain_lin: 1.2
 * /base_controller/loop_rate: 200.0
 * /base_controller/use_reaction_wheel: True
 * /base_controller/use_with_planner: True
 * /cepheus_ctrl/controllers_to_spawn: joint_state_publi...
 * /cepheus_interface_node/left_elbow_limit_pos: 1.75
 * /cepheus_interface_node/left_shoulder_limit_pos: 2.59
 * /cepheus_interface_node/loop_rate: 200.0
 * /cepheus_interface_node/max_motor_current: 2.0
 * /cepheus_interface_node/right_elbow_limit_pos: -1.75
 * /cepheus_interface_node/right_shoulder_limit_pos: -2.59
 * /cepheus_interface_node/rw_max_power: 30
 * /cepheus_interface_node/rw_max_speed: 400
 * /cepheus_interface_node/rw_max_torque: 0.02
 * /cepheus_interface_node/rw_total_inertia: 0.00197265
 * /cepheus_interface_node/thruster_force: 0.5
 * /cepheus_leds: [{'position': [0....
 * /cepheus_state_publisher/publish_frequency: 100
 * /joint_state_publisher/publish_rate: 50.0
 * /joint_state_publisher/type: joint_state_contr...
 * /left_elbow_position_controller/joint: left_elbow
 * /left_elbow_position_controller/pid/d: 0.02
 * /left_elbow_position_controller/pid/i: 0.0
 * /left_elbow_position_controller/pid/i_clamp: 0.0
 * /left_elbow_position_controller/pid/p: 0.1
 * /left_elbow_position_controller/type: effort_controller...
 * /left_gripper_position_controller/joint: left_finger_joint
 * /left_gripper_position_controller/type: position_controll...
 * /left_shoulder_position_controller/joint: left_shoulder
 * /left_shoulder_position_controller/pid/d: 0.02
 * /left_shoulder_position_controller/pid/i: 0.0
 * /left_shoulder_position_controller/pid/i_clamp: 0.0
 * /left_shoulder_position_controller/pid/p: 0.1
 * /left_shoulder_position_controller/type: effort_controller...
 * /left_wrist_position_controller/joint: left_wrist
 * /left_wrist_position_controller/type: position_controll...
 * /left_wrist_trajectory_controller/gains/left_wrist/d: 0.01
 * /left_wrist_trajectory_controller/gains/left_wrist/i: 0.0
 * /left_wrist_trajectory_controller/gains/left_wrist/i_clamp: 0.0
 * /left_wrist_trajectory_controller/gains/left_wrist/p: 0.1
 * /left_wrist_trajectory_controller/joints: ['left_wrist']
 * /left_wrist_trajectory_controller/type: position_controll...
 * /phase_space_node/init_flags: 0
 * /phase_space_node/ip: 192.168.1.18
 * /phase_space_node/marker_count: 72
 * /reaction_wheel_effort_controller/joint: reaction_wheel_joint
 * /reaction_wheel_effort_controller/pid/d: 0.0
 * /reaction_wheel_effort_controller/pid/i: 0.0
 * /reaction_wheel_effort_controller/pid/i_clamp: 0.0
 * /reaction_wheel_effort_controller/pid/p: 1.0
 * /reaction_wheel_effort_controller/type: effort_controller...
 * /reaction_wheel_position_controller/joint: reaction_wheel_joint
 * /reaction_wheel_position_controller/pid/d: 0.1
 * /reaction_wheel_position_controller/pid/i: 0.0
 * /reaction_wheel_position_controller/pid/i_clamp: 0.0
 * /reaction_wheel_position_controller/pid/p: 1.0
 * /reaction_wheel_position_controller/type: effort_controller...
 * /reaction_wheel_velocity_controller/joint: reaction_wheel_joint
 * /reaction_wheel_velocity_controller/pid/d: 0.0
 * /reaction_wheel_velocity_controller/pid/i: 0.0
 * /reaction_wheel_velocity_controller/pid/i_clamp: 0.05
 * /reaction_wheel_velocity_controller/pid/p: -0.05
 * /reaction_wheel_velocity_controller/type: effort_controller...
 * /right_elbow_position_controller/joint: right_elbow
 * /right_elbow_position_controller/pid/d: 0.02
 * /right_elbow_position_controller/pid/i: 0.0
 * /right_elbow_position_controller/pid/i_clam[33m[ WARN] [1548173657.950270021]: Planner is starting the observation and decision process...................[0m
[33m[ WARN] [1548173657.950358307]: Planner is starting to produce the trajecory[0m
0 0
0 0
0 0
0 0
0 0
0 0
0 0
0 0
0 0
0 0
0 0
0 0
0 0
0 0
0 0
0 0
0 0
0 0
0 0
0 0
0 0
0 0
0 0
0 0
0 0
0 0
0 0
0 0
0 0
0 0
0 0
0 0
0 0
0 0
0 0
0 0
0 0
0 0
0 0
0 0
0 0
0 0
0 0
0 0
0 0
0 0
0 0
0 0
0 0
0 0
0 0
0 0
0 0
0 0
0 0
0 0
0 0
0 0
0 0
0 0
0 0
0 0
0 0
0 0
0 0
0 0
0 0
0 0
0 0
0 0
0 0
0 0
0 0
0 0
0 0
0 0
0 0
0 0
0 0
0 0
0 0
0 0
0 0
0 0
0 0
0 0
0 0
0 0
0 0
0 0
0 0
0 0
0 0
0 0
0 0
0 0
0 0
0 0
0 0
0 0
0 0
0 0
0 0
0 0
0 0
0 0
0 0
0 0
0 0
0 0
0 0
0 0
0 0
0 0
0 0
0 0
0 0
0 0
0 0
0 0
0 0
0 0
0 0
0 0
0 0
0 0
0 0
0 0
0 0
0 0
0 0
0 0
0 0
0 0
0 0
0 0
0 0
0 0
0 0
0 0
0 0
0 0
0 0
0 0
0 0
0 0
0 0
0 0
0 0
0 0
0 0
0 0
0 0
0 0
0 0
0 0
0 0
0 0
0 0
0 0
0 0
0 0
0 0
0 0
0 0
0 0
0 0
0 0
0 0
0 0
0 0
0 0
0 0
0 0
0 0
0 0
0 0
0 0
0 0
0 0
0 0
0 0
0 0
0 0
0 0
0 0
0 0
0 0
0 0
0 0
0 0
0 0
0 0
0 0
0 0
0 0
0 0
0 0
0 0
0 0
0 0
0 0
0 0
0 0
0 0
0 0
0 0
0 0
0 0
0 0
0 0
0 0
0 0
0 0
0 0
0 0
0 0
0 0
0 0
0 0
0 0
0 0
0 0
0 0
0 0
0 0
0 0
0 0
0 0
0 0
0 0
0 0
0 0
0 0
0 0
0 0
0 0
0 0
0 0
0 0
0 0
0 0
0 0
0 0
0 0
0 0
0 0
0 0
0 0
0 0
0 0
0 0
0 0
0 0
0 0
0 0
0 0
0 0
0 0
0 0
0 0
0 0
0 0
0 0
0 0
0 0
0 0
0 0
0 0
0 0
0 0
0 0
0 0
0 0
0 0
0 0
0 0
0 0
0 0
0 0
0 0
0 0
0 0
0 0
0 0
0 0
0 0
0 0
0 0
0 0
0 0
0 0
0 0
0 0
0 0
0 0
0 0
0 0
0 0
0 0
0 0
0 0
0 0
0 0
0 0
0 0
0 0
0 0
0 0
0 0
0 0
0 0
0 0
0 0
0 0
0 0
0 0
0 0
0 0
0 0
0 0
0 0
0 0
0 0
0 0
0 0
0 0
0 0
0 0
0 0
0 0
0 0
0 0
0 0
0 0
0 0
0 0
0 0
0 0
0 0
0 0
0 0
0 0
0 0
0 0
0 0
0 0
0 0
0 0
0 0
0 0
0 0
0 0
0 0
0 0
0 0
0 0
0 0
0 0
0 0
0 0
0 0
0 0
0 0
0 0
0 0
0 0
0 0
0 0
0 0
0 0
0 0
0 0
0 0
0 0
0 0
0 0
0 0
0 0
0 0
0 0
0 0
0 0
0 0
0 0
0 0
0 0
0 0
0 0
0 0
0 0
0 0
0 0
0 0
0 0
0 0
0 0
0 0
0 0
0 0
0 0
0 0
0 0
0 0
0 0
0 0
0 0
0 0
0 0
0 0
0 0
0 0
0 0
0 0
0 0
0 0
0 0
0 0
0 0
0 0
0 0
0 0
0 0
0 0
0 0
0 0
0 0
0 0
0 0
0 0
0 0
0 0
0 0
0 0
0 0
0 0
0 0
0 0
0 0
0 0
0 0
0 0
0 0
0 0
0 0
0 0
0 0
0 0
0 0
0 0
0 0
0 0
0 0
0 0
0 0
0 0
0 0
0 0
0 0
0 0
0 0
0 0
0 0
0 0
0 0
0 0
0 0
0 0
0 0
0 0
0 0
0 0
0 0
0 0
0 0
0 0
0 0
0 0
0 0
0 0
0 0
0 0
0 0
0 0
0 0
0 0
0 0
0 0
0 0
0 0
0 0
0 0
0 0
0 0
0 0
0 0
0 0
0 0
0 0
0 0
0 0
0 0
0 0
0 0
9462.57 -0.720578
9462.57 -0.722211
9462.58 -0.717472
9462.58 -0.720773
9462.59 -0.723079
9462.59 -0.718529
9462.6 -0.725669
9462.6 -0.718204
9462.61 -0.721808
9462.61 -0.726383
9462.62 -0.721226
9462.62 -0.00103893
9462.63 -0.00105262
9462.63 0.000172886
9462.64 -0.000800551
9462.64 -0.00118074
9462.65 -0.00133007
9462.65 -0.00121819
9462.66 -0.00114605
9462.66 -0.00158424
9462.67 -0.00116612
9462.67 -0.00150535
9462.68 -0.00122296
9462.68 -0.00118721
9462.69 -0.00196282
9462.69 -0.00206443
9462.7 -0.00209572
9462.7 -0.00154453
9462.71 -0.00102437
9462.71 -0.000393831
9462.72 -0.000185488
9462.72 -0.000972377
9462.73 -0.0010292
9462.73 -0.00159018
9462.74 -0.00149667
9462.74 -0.00242476
9462.75 -0.00237029
9462.75 -0.00246206
9462.76 -0.00207932
9462.76 -0.00228259
9462.77 -0.00215613
9462.77 -0.00190741
9462.78 -0.00129324
9462.78 -0.00113679
9462.79 -0.00092843
9462.79 -0.00109701
9462.8 -0.00073922
9462.8 -0.000649346
9462.81 -0.000152267
9462.81 -0.000651443
9462.82 -0.000628035
9462.82 -0.00122953
9462.83 -0.00133715
9462.83 -0.0016806
9462.84 -0.0015296
9462.84 -0.00152047
9462.85 -0.00121183
9462.85 -0.00115085
9462.86 -0.00130505
9462.86 -0.0018465
9462.87 -0.00129279
9462.87 -0.00103946
9462.88 -0.000699665
9462.88 0.00149323
9462.89 0.00163216
9462.89 0.00109116
9462.9 0.00046163
9462.9 0.000102968
9462.91 -9.7946e-05
9462.91 -0.000105913
9462.92 0.000382986
9462.92 -0.000251664
9462.93 -0.000669014
9462.93 0.00131196
9462.94 -0.000963054
9462.94 -0.00120902
9462.95 -0.00152716
9462.95 -0.00120185
9462.96 -0.000968428
9462.96 -0.001273
9462.97 -0.0010604
9462.97 -0.00134481
9462.98 -0.000970541
9462.98 0.00146204
9462.99 -0.00101715
9462.99 -0.00145558
9463 -0.0014977
9463 -0.00137221
9463.01 -0.00108405
9463.01 -0.00122483
9463.02 -0.000673702
9463.02 -0.00068335
9463.03 -0.000472647
9463.03 -0.000720683
9463.04 -0.00292976
9463.04 -0.0028068
9463.05 -0.00219264
9463.05 -0.00182033
9463.06 -0.00107118
9463.06 -0.00133562
9463.07 -0.000903241
9463.07 -0.00100703
9463.08 -0.00067735
9463.08 -0.000763455
9463.09 -0.000479925
9463.09 -0.000872147
9463.1 -0.00085069
9463.1 -0.000939245
9463.11 -0.000766916
9463.11 -0.000938686
9463.12 -0.000428955
9463.12 -0.000587974
9463.13 -0.000557916
9463.13 0.00181291
9463.14 0.00177478
9463.14 0.00113078
9463.15 0.000887513
9463.15 0.000217792
9463.16 0.000150354
9463.16 0.00222166
9463.17 0.00248097
9463.17 0.00139267
9463.18 0.00125171
9463.18 0.0038598
9463.19 0.00154128
9463.19 0.000813622
9463.2 6.87655e-05
9463.2 0.000223099
9463.21 0.000957379
9463.21 0.00118249
9463.22 -0.00129073
9463.22 -0.00206407
9463.23 -0.00140557
9463.23 0.00130582
9463.24 -0.00161249
9463.24 -0.00281879
9463.25 -0.00356812
9463.25 -0.00301003
9463.26 -0.00208262
9463.26 -0.00179012
9463.27 -0.00131459
9463.27 -0.00111739
9463.28 -0.000475874
9463.28 -0.000180875
9463.29 -0.00294601
9463.29 -0.00286084
9463.3 -0.00199362
9463.3 -0.000407603
9463.31 0.000390662
9463.31 -0.000245033
9463.32 -0.000434346
9463.32 -0.00106026
9463.33 -0.0010602
9463.33 -0.00135634
9463.34 -0.00108786
9463.34 -0.00116794
9463.35 -0.000846298
9463.35 -0.000713759
9463.36 -0.000481876
9463.36 0.00169443
9463.37 0.00192344
9463.37 0.00435858
9463.38 0.00428672
9463.38 0.00633876
9463.39 0.00538649
9463.39 0.00402108
9463.4 0.00265967
9463.4 0.00195183
9463.41 0.00147842
9463.41 0.000863096
9463.42 -0.00153609
9463.42 -0.00207217
9463.43 -0.00461309
9463.43 -0.00168478
9463.44 -0.00394766
9463.44 -0.00329688
9463.45 -0.00309105
9463.45 -0.00192349
9463.46 -0.00142548
9463.46 -0.00144855
9463.47 -0.00075495
9463.47 0.00240211
9463.48 0.00305498
9463.48 0.00561863
9463.49 0.00270081
9463.49 0.00131256
9463.5 0.000258284
9463.5 0.000690626
9463.51 0.00126688
9463.51 0.00171285
9463.52 0.00175433
9463.52 0.000926206
9463.53 -0.00247078
9463.53 -0.00302427
9463.54 -0.00562957
9463.54 -0.00585606
9463.55 -0.00434005
9463.55 -0.00270739
9463.56 -0.0020817
9463.56 -0.00261007
9463.56 -0.00277312
9463.57 -0.00239367
9463.58 -0.00162663
9463.58 0.00170192
9463.59 0.00194357
9463.59 0.00170162
9463.6 0.000930425
9463.6 0.000855694
9463.61 0.000672356
9463.61 0.000573139
9463.62 0.00124141
9463.62 0.000795784
9463.63 0.000519512
9463.63 -3.77621e-05
9463.64 -0.00266045
9463.64 -0.00260878
9463.65 -0.00236096
9463.65 -0.0010606
9463.66 -0.000378815
9463.66 0.00338213
9463.67 0.00388035
9463.67 0.00529152
9463.68 0.00504658
9463.68 0.00735906
9463.69 0.00715722
9463.69 0.00525558
9463.7 0.00311056
9463.7 0.00270773
9463.71 0.00150687
9463.71 0.000189697
9463.72 -0.00371402
9463.72 -0.00454477
9463.73 -0.00638462
9463.73 -0.00268574
9463.74 -0.00494828
9463.74 -0.00497686
9463.75 -0.00448479
9463.75 -0.00260889
9463.76 -0.0022774
9463.76 -0.00133953
9463.77 -0.000118102
9463.77 -2.08553e-05
9463.78 0.000307196
9463.78 0.000600549
9463.79 -0.0023802
9463.79 -0.00217482
9463.8 -0.0021084
9463.8 -0.00125972
9463.81 -0.00102722
9463.81 -0.000987138
9463.82 -0.000810229
9463.82 -0.00129434
9463.83 -0.00104557
9463.83 0.00179728
9463.84 0.00148421
9463.84 0.000897317
9463.85 0.000123307
9463.85 0.000313848
9463.86 0.000310006
9463.86 0.00246048
9463.87 0.00263092
9463.87 0.0021216
9463.88 0.00176471
9463.88 0.0012628
9463.89 -0.00166121
9463.89 -0.00174761
9463.9 -0.00139996
9463.9 -0.000740046
9463.91 -0.000475226
9463.91 -0.000513482
9463.92 -0.00267022
9463.92 -0.00288188
9463.93 -0.00242952
9463.93 -0.00217033
9463.94 -0.00144712
9463.94 -0.00138205
9463.95 -0.00107028
9463.95 -0.00110724
9463.96 -0.0010358
9463.96 -0.00127372
9463.97 -0.00102088
9463.97 0.00246609
9463.98 0.00306982
9463.98 0.00594235
9463.99 0.00606556
9463.99 0.00429654
9464 0.00255936
9464 0.00168358
9464.01 0.00148813
9464.01 0.00109078
9464.02 0.00133395
9464.02 0.00106259
9464.03 -0.00250303
9464.03 -0.00322564
9464.04 -0.00610746
9464.04 -0.00618273
9464.05 -0.00461242
9464.05 -0.00286719
9464.06 -0.00191307
9464.06 -0.00186572
9464.07 -0.0012483
9464.07 -0.00122621
9464.08 -0.00083997
9464.08 -0.000915224
9464.09 -0.000177785
9464.09 -0.000188593
9464.1 -6.58291e-06
9464.1 -4.78246e-05
9464.11 4.48498e-05
9464.11 -0.000126344
9464.12 0.000371941
9464.12 0.00022068
9464.13 0.000216553
9464.13 -0.000120906
9464.14 6.85053e-05
9464.14 -0.000363686
9464.15 -0.000145184
9464.15 -0.000191236
9464.16 6.26498e-06
9464.16 0.00280646
9464.17 0.00312329
9464.17 0.00215174
9464.18 0.00193898
9464.18 0.00490301
9464.19 0.00513658
9464.19 0.00416474
9464.2 0.00273649
9464.2 0.00223036
9464.21 0.00228638
9464.21 0.00233331
9464.22 -0.000314068
9464.22 -0.00062382
9464.23 -0.000240813
9464.23 -0.000605983
9464.24 -0.00363325
9464.24 -0.00465683
9464.25 -0.0040228
9464.25 -0.00239171
9464.26 -0.0016755
9464.26 0.00123252
9464.27 0.00162596
9464.27 0.000350949
9464.28 0.000224358
9464.28 -0.000152984
9464.29 4.96159e-05
9464.29 -0.000247686
9464.3 0.000384432
9464.3 0.000461769
9464.31 0.000238563
9464.31 -0.000231406
9464.32 -0.00318765
9464.32 -0.0038441
9464.33 -0.0029641
9464.33 -0.00301122
9464.34 -0.00206997
9464.34 -0.0018296
9464.35 -0.00137978
9464.35 -0.000942408
9464.36 -0.000588765
9464.36 -0.000840021
9464.37 -0.000263753
9464.37 -0.000245528
9464.38 -4.11594e-05
9464.38 0.00358466
9464.39 0.00412551
9464.39 0.00402631
9464.4 0.0024995
9464.4 0.00194006
9464.4 0.00172409
9464.41 0.00175484
9464.42 0.00254208
9464.42 0.00162465
9464.43 0.00125208
9464.43 0.00414592
9464.44 0.000203662
9464.44 -0.000114968
9464.45 -0.00119625
9464.45 0.00021658
9464.46 0.00114269
9464.46 0.0045362
9464.47 0.00481418
9464.47 0.00582212
9464.48 0.00737972
9464.48 0.00682921
9464.49 0.00328486
9464.49 0.00191972
9464.5 -0.00011953
9464.5 0.000739046
9464.51 0.00152894
9464.51 0.00089072
9464.52 -0.00332183
9464.52 -0.0046719
9464.53 -0.00655523
9464.53 -0.00814657
9464.54 -0.00740778
9464.54 -0.00710266
9464.55 -0.00526869
9464.55 -0.003248
9464.56 -0.0029989
9464.56 -0.00388106
9464.57 -0.00345253
9464.57 -0.00249618
9464.58 -0.00136472
9464.58 -0.00127171
9464.59 -0.000596283
9464.59 -0.00064261
9464.6 -0.000531105
9464.6 -0.000525635
9464.61 -0.000343214
9464.61 -0.000309072
9464.62 0.000155616
9464.62 -1.14605e-05
9464.63 -1.10901e-05
9464.63 0.0028556
9464.64 0.00282601
9464.64 0.00225726
9464.65 0.00155227
9464.65 0.00147082
9464.66 0.00106328
9464.66 0.00348008
9464.67 0.00354246
9464.67 0.0024633
9464.68 0.00194141
9464.68 0.00468451
9464.69 0.00142153
9464.69 0.000737668
9464.7 -5.59127e-05
9464.7 0.000180951
9464.71 0.00011665
9464.71 0.000567305
9464.72 -0.00223907
9464.72 -0.00226759
9464.73 -0.00149635
9464.73 0.00198686
9464.74 -0.0013229
9464.74 -0.00187686
9464.75 -0.00219618
9464.75 -0.00123797
9464.76 -0.00101305
9464.76 -0.00125249
9464.77 -0.00111864
9464.77 -0.000919964
9464.78 -0.000880282
9464.78 -0.000657553
9464.79 -0.00359394
9464.79 0.000190202
9464.8 0.000110964
9464.8 0.000615863
9464.81 0.000379238
9464.81 0.000467121
9464.82 0.000899945
9464.82 0.000384946
9464.83 0.000193983
9464.83 -0.000304411
9464.84 -0.000374151
9464.84 -0.000534635
9464.85 -0.00385278
9464.85 -0.00302471
9464.86 -0.00230159
9464.86 0.00123827
9464.87 0.00159781
9464.87 0.000948275
9464.88 0.00101108
9464.88 0.00425005
9464.89 0.00646217
9464.89 0.00668486
9464.9 0.00526536
9464.9 0.00404294
9464.91 0.00302958
9464.91 0.00202604
9464.92 -0.0013465
9464.92 -0.00174828
9464.93 -0.0012464
9464.93 0.00211691
9464.94 0.000761025
9464.94 -0.000652102
9464.95 -0.00143607
9464.95 -0.00169612
9464.96 -0.00123135
9464.96 0.00165287
9464.97 0.00234219
9464.97 0.00181839
9464.98 0.00167048
9464.98 0.00127851
9464.99 -0.00171483
9464.99 -0.00388502
9465 -0.00473196
9465 -0.00451224
9465.01 -0.00278241
9465.01 -0.00218674
9465.02 -0.00412612
9465.02 -0.0038072
9465.03 -0.00296383
9465.03 -0.00247624
9465.04 -0.00186192
9465.04 0.0078326
9465.05 0.00757729
9465.05 0.00462489
9465.06 0.00325461
9465.06 0.000907311
9465.07 0.000535457
9465.07 6.3864e-05
9465.08 -4.51398e-05
9465.08 -0.000342546
9465.09 -5.80305e-05
9465.09 -0.000296027
9465.1 -0.0100414
9465.1 -0.00922266
9465.11 -0.00553614
9465.11 -0.00355742
9465.12 -0.000779854
9465.12 8.86458e-05
9465.13 0.000626414
9465.13 0.00377469
9465.14 0.00396716
9465.14 0.00370169
9465.15 0.0037208
9465.15 0.00284464
9465.16 0.00286581
9465.16 0.00575276
9465.17 0.00597469
9465.17 0.00532979
9465.18 0.00321202
9465.18 0.00573387
9465.19 0.0046533
9465.19 0.00444411
9465.2 0.00315816
9465.2 0.00080565
9465.21 0.0011265
9465.21 0.00109414
9465.22 -0.00123744
9465.22 -0.00128416
9465.23 -0.00213722
9465.23 -0.00201131
9465.24 -0.00559071
9465.24 -0.00803368
9465.25 -0.00765726
9465.25 -0.00634833
9465.26 -0.00360976
9465.26 -0.00314775
9465.27 -0.00280608
9465.27 -0.00384804
9465.28 -0.00442059
9465.28 -0.00339211
9465.29 -0.00126309
9465.29 -0.000616982
9465.3 -0.000443751
9465.3 -0.000789803
9465.3 -0.000737569
9465.31 -0.00106414
9465.32 -0.000866693
9465.32 -0.00123121
9465.33 -0.00115445
9465.33 -0.00121135
9465.34 -0.000913681
9465.34 -0.00137636
9465.35 -0.000935663
9465.35 -0.000672614
9465.36 -0.000341549
9465.36 0.00251629
9465.37 0.00289631
9465.37 0.00240934
9465.38 0.00164933
9465.38 0.00109116
9465.39 0.00120668
9465.39 0.000800188
9465.4 0.000770656
9465.4 0.00057711
9465.41 0.000595794
9465.41 0.000484541
9465.42 -0.00227746
9465.42 -0.00246328
9465.43 -0.00217812
9465.43 -0.00175546
9465.44 -0.000917203
9465.44 -0.000819475
9465.45 -0.000528514
9465.45 -0.000602118
9465.46 -0.000429579
9465.46 0.00247887
9465.47 0.00273046
9465.47 0.00412207
9465.48 0.00512
9465.48 0.00430287
9465.49 0.00393577
9465.49 0.00277163
9465.5 0.00207779
9465.5 0.00173286
9465.51 0.0019297
9465.51 0.00201597
9465.52 -0.000978344
9465.52 -0.00157349
9465.53 -0.0036781
9465.53 -0.00500049
9465.54 -0.00411893
9465.54 -0.00356864
9465.55 -0.0025243
9465.55 -0.00197514
9465.56 -0.00157362
9465.56 0.00112131
9465.57 0.00109001
9465.57 0.000635928
9465.58 0.000301004
9465.58 0.000358828
9465.59 0.000578836
9465.59 0.000243728
9465.6 0.00020331
9465.6 3.48301e-05
9465.61 0.000343581
9465.61 0.00036175
9465.62 -0.0019904
9465.62 -0.0022263
9465.63 -0.00195694
9465.63 0.001938
9465.64 0.00222652
9465.64 0.00177805
9465.65 0.00157543
9465.65 0.00105381
9465.65 0.00099043
9465.66 0.00337042
9465.67 0.00342391
9465.67 0.00282215
9465.68 0.00153487
9465.68 0.0044814
9465.69 0.00127042
9465.69 0.00335923
9465.7 0.0030421
9465.7 0.00180402
9465.71 0.0016689
9465.71 0.00130749
9465.72 -0.00140304
9465.72 -0.00160979
9465.73 -0.0021599
9465.73 0.00207927
9465.74 0.000544426
9465.74 0.000822252
9465.75 -0.00139367
9465.75 -0.00219143
9465.76 -0.000876127
9465.76 -0.000877161
9465.77 -0.000183739
9465.77 -0.000528724
9465.78 -0.000975644
9465.78 -0.00048166
9465.79 -0.00361154
9465.79 -0.00503568
9465.8 -0.00539103
9465.8 -0.00503602
9465.81 -0.00331356
9465.81 -0.00287762
9465.82 -0.00202252
9465.82 -0.00216851
9465.83 -0.00176397
9465.83 -0.00153818
9465.84 -0.00104302
9465.84 -0.000845226
9465.85 -0.000423137
9465.85 -0.000407961
9465.86 -0.000155106
9465.86 -0.000459686
9465.87 -0.00026124
9465.87 -0.000396089
9465.88 -0.000312794
9465.88 0.00290527
9465.89 0.00327595
9465.89 0.00260536
9465.9 0.00210088
9465.9 0.00112523
9465.91 0.00103368
9465.91 0.000831673
9465.92 0.000953862
9465.92 0.000535712
9465.93 0.000438954
9465.93 0.00361815
9465.94 0.00022843
9465.94 -0.000443789
9465.95 -0.000649461
9465.95 -0.000953324
9465.96 -0.000374772
9465.96 0.00241617
9465.97 0.0024097
9465.97 0.00382531
9465.98 0.00479134
9465.98 0.00376435
9465.99 -0.000441239
9465.99 -0.00113922
9466 -0.001137
9466 -0.00110632
9466.01 -0.000337397
9466.01 -0.000243112
9466.02 -0.00292694
9466.02 -0.00299767
9466.03 -0.00446694
9466.03 -0.00518315
9466.04 -0.00408042
9466.04 -0.0031832
9466.05 -0.00215621
9466.05 -0.00162134
9466.06 -0.000851618
9466.06 0.00204994
9466.07 0.0023464
9466.07 0.00188231
9466.08 0.00122797
9466.08 0.000788602
9466.09 0.000725315
9466.09 0.000450118
9466.1 0.000323197
9466.1 9.82376e-05
9466.11 0.000262067
9466.11 0.000335541
9466.12 -0.00215887
9466.12 -0.00234819
9466.13 -0.00211806
9466.13 0.00169881
9466.14 0.00197572
9466.14 0.00164268
9466.15 0.00132984
9466.15 0.00067925
9466.16 0.000587819
9466.16 0.00309064
9466.17 0.00312436
9466.17 0.00224833
9466.18 0.00136565
9466.18 0.00442374
9466.19 0.00104303
9466.19 0.000521158
9466.2 0.000194487
9466.2 -7.38519e-05
9466.21 0.000446835
9466.21 0.000280821
9466.22 -0.00248877
9466.22 -0.00284328
9466.23 -0.00243617
9466.23 0.00165217
9466.24 0.000342213
9466.24 0.00109835
9466.25 0.00140634
9466.25 0.000999817
9466.26 0.000550738
9466.26 0.00297679
9466.27 0.00350665
9466.27 0.00312659
9466.28 0.00216441
9466.28 0.00181913
9466.29 -0.00163152
9466.29 -0.000206572
9466.3 -0.00131627
9466.3 -0.00221476
9466.31 -0.00173345
9466.31 -0.00131529
9466.32 -0.00373364
9466.32 -0.00405458
9466.33 -0.00373656
9466.33 -0.00293619
9466.34 -0.00233972
9466.34 -0.00217504
9466.35 -0.00504402
9466.35 -0.00445886
9466.36 -0.00290426
9466.36 0.000672516
9466.37 0.00180217
9466.37 0.00167558
9466.38 0.00116869
9466.38 0.00410761
9466.39 0.00595729
9466.39 0.00621882
9466.4 0.00551722
9466.4 0.00358795
9466.41 0.00288491
9466.41 0.0052102
9466.42 0.00191662
9466.42 0.000928131
9466.43 3.62074e-05
9466.43 7.43673e-05
9466.44 -0.0010776
9466.44 -0.00185236
9466.45 -0.00229538
9466.45 -0.00217866
9466.46 -0.00147035
9466.46 0.00141202
9466.47 -0.00127638
9466.47 0.000320529
9466.48 0.00165468
9466.48 0.00154891
9466.49 0.00166161
9466.49 -0.000795315
9466.5 -0.00219034
9466.5 -0.00349001
9466.51 -0.0027688
9466.51 -0.00148724
9466.52 -0.00348583
9466.52 -0.00323852
9466.53 -0.00460669
9466.53 -0.00522188
9466.54 -0.00388666
9466.54 -0.00341645
9466.55 -0.00254886
9466.55 -0.00203517
9466.56 -0.000441589
9466.56 -0.000555199
9466.57 -0.000411046
9466.57 -0.000555236
9466.58 -0.000305708
9466.58 -0.000329078
9466.59 0.00191141
9466.59 0.00294329
9466.6 0.0030634
9466.6 0.00216391
9466.61 0.00183923
9466.61 0.00132699
9466.62 0.00153346
9466.62 0.00138594
9466.63 0.00102412
9466.63 0.000382692
9466.64 0.00234309
9466.64 0.00109759
9466.65 0.000141197
9466.65 -0.000711262
9466.66 -0.000259461
9466.66 0.0025916
9466.67 0.00293152
9466.67 0.00212866
9466.68 0.00104536
9466.68 0.00415188
9466.69 0.00446015
9466.69 0.00462692
9466.7 0.00290465
9466.7 0.000889973
9466.71 0.000730606
9466.71 0.000134383
9466.72 -0.002769
9466.72 -0.00307106
9466.73 -0.00281733
9466.73 -0.00208217
9466.74 -0.0029248
9466.74 -0.00190387
9466.75 -0.00382333
9466.75 -0.0040129
9466.76 -0.00249907
9466.76 0.000874046
9466.77 0.00197103
9466.77 0.00225331
9466.78 0.00120968
9466.78 0.00112104
9466.79 0.00111809
9466.79 0.00201021
9466.8 7.11937e-05
9466.8 -0.000614334
9466.81 -0.000193594
9466.81 -0.00017353
9466.82 -0.00240989
9466.82 -0.00287914
9466.83 -0.0029473
9466.83 -0.00182802
9466.84 -0.00124951
9466.84 0.00179782
9466.85 -0.00127584
9466.85 -0.000909639
9466.86 0.000971196
9466.86 0.00218229
9466.87 0.00250498
9466.87 0.00164129
9466.88 0.00106646
9466.88 0.00347126
9466.89 0.00548164
9466.89 0.00572962
9466.9 0.00216262
9466.9 0.000607286
9466.91 -0.00013035
9466.91 -0.00166379
9466.92 -0.00256773
9466.92 -0.00265039
9466.93 -0.00222915
9466.93 0.00177949
9466.94 0.00115099
9466.94 -6.42149e-05
9466.95 -0.000928515
9466.95 -0.00192258
9466.96 0.000578406
9466.96 0.00233556
9466.97 0.00238175
9466.97 0.00179815
9466.98 0.00107821
9466.98 0.000439745
9466.98 -0.00259992
9466.99 -0.00467034
9467 -0.00550306
9467 -0.0050019
9467.01 -0.00335315
9467.01 -0.00395137
9467.02 -0.00432304
9467.02 -0.00401324
9467.03 -0.00323242
9467.03 -0.00222633
9467.04 -0.00123989
9467.04 -0.00131147
9467.05 -0.000732736
9467.05 -0.000571585
9467.06 -0.000603435
9467.06 -0.000567522
9467.07 -0.000518294
9467.07 -0.000487951
9467.08 -0.000364211
9467.08 -0.000383681
9467.09 0.00171831
9467.09 0.00266287
9467.1 0.00251214
9467.1 0.00181194
9467.11 0.00142822
9467.11 0.00149598
9467.12 0.00176213
9467.12 0.00153407
9467.13 0.00109102
9467.13 0.000538722
9467.14 0.00294033
9467.14 0.00234205
9467.15 0.00142528
9467.15 0.000819413
9467.16 0.00295655
9467.16 0.00449469
9467.17 0.00503601
9467.17 0.00377797
9467.17 0.0028126
9467.18 0.00119128
9467.19 0.00397232
9467.19 0.002206
9467.2 -0.000107176
9467.2 -0.0011673
9467.21 -0.00153262
9467.21 -0.00349269
9467.22 -0.00500814
9467.22 -0.0057302
9467.23 -0.00474074
9467.23 -0.00376393
9467.24 -0.00167112
9467.24 -0.0040575
9467.25 -0.00475349
9467.25 -0.00401069
9467.26 -0.00316852
9467.26 -0.00192836
9467.27 -0.000949041
9467.27 -0.000373395
9467.28 -4.63219e-05
9467.28 3.95462e-05
9467.29 0.000393549
9467.29 0.00344806
9467.3 0.00546561
9467.3 0.00467639
9467.31 0.00263523
9467.31 0.00219406
9467.32 0.00193924
9467.32 0.000927256
9467.32 0.000611362
9467.33 -0.000121094
9467.34 -0.000241156
9467.34 -0.000740055
9467.35 -0.00410368
9467.35 -0.00597075
9467.36 -0.0031293
9467.36 -3.63947e-05
9467.37 0.000681155
9467.37 -1.16567e-05
9467.38 0.000241653
9467.38 0.0028236
9467.39 0.00513557
9467.39 0.00567457
9467.4 0.0046544
9467.4 0.00382693
9467.41 0.00448617
9467.41 0.00299609
9467.42 0.00164813
9467.42 0.00031548
9467.43 0.00030302
9467.43 0.00329517
9467.44 0.0020693
9467.44 0.00075024
9467.45 -0.000986419
9467.45 -0.000888536
9467.46 -0.000801965
9467.46 -0.00281976
9467.47 -0.00361022
9467.47 -0.00356272
9467.48 -0.00230293
9467.48 -0.0017019
9467.49 -0.00220451
9467.49 -0.00250152
9467.5 -0.00317475
9467.5 -0.00323761
9467.51 -0.00249311
9467.51 -0.00169925
9467.52 -0.000581612
9467.52 -0.000359091
9467.53 -0.000239769
9467.53 -0.000305337
9467.54 0.00177291
9467.54 0.000529146
9467.55 -0.000593358
9467.55 -0.000849405
9467.56 0.00169026
9467.56 0.00272251
9467.57 0.00268949
9467.57 0.00204362
9467.58 0.00127006
9467.58 0.000819503
9467.58 0.000840657
9467.59 0.00145772
9467.6 3.80215e-05
9467.6 -0.000420032
9467.61 -0.000622776
9467.61 -0.00185473
9467.62 -0.00244528
9467.62 -0.00230285
9467.63 -0.00187284
9467.63 -0.00136332
9467.63 -0.000445861
9467.64 0.00296378
9467.65 0.000967071
9467.65 0.000518336
9467.66 0.00298305
9467.66 0.00501256
9467.67 0.00503938
9467.67 0.00371518
9467.68 0.00194744
9467.68 0.00099842
9467.69 0.00376058
9467.69 0.0040236
9467.7 -0.000295104
9467.7 -0.00161741
9467.71 -0.00177939
9467.71 -0.0039665
9467.72 -0.00550968
9467.72 -0.00577267
9467.73 -0.00457403
9467.73 0.000260407
9467.74 0.00110206
9467.74 -0.00177302
9467.75 -0.00351821
9467.75 -0.00310201
9467.76 -0.000737255
9467.76 0.00122648
9467.77 0.00170861
9467.77 0.00111449
9467.78 0.000998862
9467.78 0.000734588
9467.78 -0.00240763
9467.79 0.000983256
9467.8 0.0033723
9467.8 0.00369938
9467.81 0.00207967
9467.81 -0.000272126
9467.82 -0.00166604
9467.82 -0.00215949
9467.83 -0.00145688
9467.83 -0.00132629
9467.84 0.00103306
9467.84 0.00204252
9467.85 -0.00115359
9467.85 -0.00365296
9467.86 -0.00158657
9467.86 0.0011038
9467.87 0.00181222
9467.87 0.00134219
9467.88 0.00125734
9467.88 0.00366142
9467.89 0.00557108
9467.89 0.00391963
9467.9 0.00150604
9467.9 0.000637771
9467.91 0.00041413
9467.91 0.00128464
9467.92 0.000352496
9467.92 -0.000702979
9467.92 -1.28663e-05
9467.93 -0.000772389
9467.93 -0.00312808
9467.94 -0.00212693
9467.95 -0.00247772
9467.95 -0.00219105
9467.96 -0.000143926
9467.96 0.00115633
9467.97 -0.00116415
9467.97 -0.00205719
9467.98 -0.00132259
9467.98 -0.00175673
9467.98 -0.000513625
9467.99 -0.000825635
9468 -0.00374172
9468 -0.00442687
9468.01 -0.00308231
9468.01 -0.00373385
9468.02 -0.00392025
9468.02 -0.0035282
9468.03 -0.00233154
9468.03 -0.0018695
9468.04 -0.00115995
9468.04 -0.00111426
9468.05 -0.000688584
9468.05 -0.000318534
9468.06 0.00241874
9468.06 0.00315186
9468.07 0.00308728
9468.07 0.00193474
9468.07 0.00160238
9468.08 0.000789502
9468.09 0.0026353
9468.09 0.00350164
9468.1 0.00308823
9468.1 0.00241622
9468.11 0.00172517
9468.11 -0.0011923
9468.12 -0.00199967
9468.12 -0.00199705
9468.13 -0.00128464
9468.13 0.00170788
9468.14 0.00477728
9468.14 0.00379832
9468.15 0.00229837
9468.15 0.00074501
9468.16 0.00271369
9468.16 0.00433878
9468.17 0.00556348
9468.17 0.00422815
9468.18 0.00303637
9468.18 0.0018768
9468.18 -0.000697983
9468.19 0.000360626
9468.2 -0.00162358
9468.2 -0.00202289
9468.21 -0.00108513
9468.21 -0.00350764
9468.22 -0.00489275
9468.22 -0.00541777
9468.22 -0.00429828
9468.23 -0.0036499
9468.24 -0.000308478
9468.24 0.000427154
9468.25 -0.00315477
9468.25 -0.00269791
9468.26 -0.00233095
9468.26 -0.00164961
9468.27 -0.000528411
9468.27 -0.000245148
9468.28 -1.79178e-05
9468.28 3.4672e-05
9468.29 0.00218421
9468.29 0.00454699
9468.3 0.00545324
9468.3 0.00432166
9468.31 0.00218577
9468.31 0.00159495
9468.32 0.00106375
9468.32 0.000413679
9468.33 0.000113182
9468.33 -0.000329455
9468.34 0.00155396
9468.34 0.000598297
9468.35 -0.00411672
9468.35 -0.00665105
9468.36 -0.00398424
9468.36 -0.000438354
9468.37 0.000740761
9468.37 0.000421002
9468.38 0.000544968
9468.38 0.000300162
9468.39 0.000447964
9468.39 -0.00168713
9468.4 -0.00287688
9468.4 -0.00248868
9468.41 -0.00196311
9468.41 -0.00307697
9468.42 -0.00371379
9468.42 -0.00355251
9468.43 -0.00249974
9468.43 0.00106633
9468.44 0.00365827
9468.44 0.00451098
9468.45 0.00368824
9468.45 0.00299849
9468.46 0.00372425
9468.46 0.00426317
9468.47 0.00389038
9468.47 0.00302587
9468.48 0.00205608
9468.48 0.00147714
9468.49 0.000230251
9468.49 -0.000915814
9468.5 -0.00208539
9468.5 -0.00247013
9468.51 -0.00197577
9468.51 -0.00278708
9468.52 -0.00328469
9468.52 -0.00322205
9468.52 -0.0024487
9468.53 -0.0017074
9468.53 -0.000952726
9468.54 -0.0030447
9468.55 -0.00372481
9468.55 -0.00320066
9468.56 0.000220452
9468.56 0.00170468
9468.57 0.00191694
9468.57 0.00150721
9468.58 0.000982102
9468.58 0.000433705
9468.59 0.00250317
9468.59 0.00326944
9468.6 0.00306044
9468.6 0.00224229
9468.61 0.00149556
9468.61 -0.000610993
9468.62 -0.00168889
9468.62 -0.00182308
9468.63 -0.00164134
9468.63 -0.00117054
9468.64 0.00162997
9468.64 0.00113226
9468.65 0.00031156
9468.65 5.17225e-05
9468.66 0.00218669
9468.66 0.00409541
9468.67 0.00475196
9468.67 0.00447899
9468.67 0.00336833
9468.68 0.00154913
9468.69 0.00407071
9468.69 0.00324639
9468.7 0.000810397
9468.7 -0.000183334
9468.71 -0.000824937
9468.71 -0.0027003
9468.72 -0.00413221
9468.72 -0.00498123
9468.73 -0.00488314
9468.73 -0.00414006
9468.74 -9.74278e-05
9468.74 -0.00136267
9468.75 -0.00270227
9468.75 -0.00268128
9468.76 -0.00211809
9468.76 -0.00150291
9468.77 -0.00115543
9468.77 -0.000909501
9468.78 -0.000459391
9468.78 -6.65854e-05
9468.79 0.0020783
9468.79 0.00447472
9468.8 0.00547359
9468.8 0.00404103
9468.81 0.0023371
9468.81 0.00151016
9468.82 0.00139057
9468.82 0.000768933
9468.83 0.000167269
9468.83 -2.65229e-05
9468.84 0.00158317
9468.84 0.000606602
9468.85 -0.00414762
9468.85 -0.00678803
9468.86 -0.00440061
9468.86 -0.000990316
9468.87 0.000239555
9468.87 4.50517e-05
9468.88 0.000324299
9468.88 0.000396949
9468.89 0.00215504
9468.89 0.00121289
9468.9 -0.000106669
9468.9 -0.000375331
9468.91 -0.000555304
9468.91 -0.00176033
9468.92 -0.00271208
9468.92 -0.00285857
9468.93 -0.00197346
9468.93 -0.00156402
9468.94 0.000902883
9468.94 0.000288074
9468.95 -0.000698985
9468.95 -0.000511266
9468.95 -0.0001892
9468.96 0.00232855
9468.97 0.00241241
9468.97 0.00200841
9468.98 0.00132862
9468.98 0.000925286
9468.99 0.000758445
9468.99 -0.0012999
9468.99 -0.00243591
9469 -0.00315872
9469.01 -0.00264426
9469.01 -0.00219227
9469.02 -0.00367561
9469.02 -0.00340944
9469.03 -0.00282615
9469.03 -0.00194688
9469.04 0.000557276
9469.04 0.000850051
9469.05 0.00220704
9469.05 0.00144838
9469.06 0.00357335
9469.06 0.00392993
9469.07 0.0037037
9469.07 0.00290831
9469.08 0.0019618
9469.08 0.00149228
9469.08 0.00154913
9469.08 -0.00032456
9469.1 -0.00117804
9469.1 -0.00230076
9469.11 -0.00141436
9469.11 -0.00252691
9469.12 -0.00278363
9469.12 -0.00231401
9469.12 -0.00199701
9469.13 -0.00169626
9469.14 -0.000732204
9469.14 0.00289959
9469.15 0.00271781
9469.15 0.00226107
9469.16 0.00194219
9469.16 0.00531245
9469.17 0.0056813
9469.17 0.00496288
9469.18 0.0026721
9469.18 0.00177635
9469.19 0.0023253
9469.19 0.00528407
9469.2 0.000368845
9469.2 -0.000628136
9469.21 -0.000397899
9469.21 -0.00085149
9469.22 -0.00379169
9469.22 -0.00370976
9469.23 -0.00385126
9469.23 -0.00247914
9469.24 0.00115449
9469.24 0.00184444
9469.25 -0.00232923
9469.25 -0.00125951
9469.26 0.000246708
9469.26 0.00186553
9469.27 0.00310477
9469.27 0.00299649
9469.28 0.00105723
9469.28 0.000677934
9469.29 0.000155324
9469.29 0.000726442
9469.3 0.00190739
9469.3 0.00189254
9469.31 0.000763306
9469.31 -0.00149773
9469.31 -0.00236489
9469.32 -0.00390646
9469.33 -0.00463439
9469.33 -0.00350595
9469.34 -0.000800104
9469.34 0.00123445
9469.35 -0.00204535
9469.35 -0.00440771
9469.36 -0.00403801
9469.36 -0.000460632
9469.37 0.00128705
9469.37 0.000512226
9469.38 0.00107982
9469.38 0.000824399
9469.39 0.00272169
9469.39 0.00168127
9469.4 0.000281509
9469.4 -8.13123e-05
9469.41 -0.000167164
9469.41 -0.0003175
9469.42 -0.00286805
9469.42 -0.00301515
9469.43 -0.00224711
9469.43 -0.00204984
9469.43 -0.00136532
9469.44 2.07407e-05
9469.45 -0.00104509
9469.45 -0.00115705
9469.46 -0.00109967
9469.46 0.00166416
9469.46 0.0025496
9469.47 0.00122639
9469.48 0.00101768
9469.48 0.00400904
9469.49 0.00563858
9469.49 0.00589234
9469.5 0.00152307
9469.5 -2.40664e-05
9469.51 -0.000140689
9469.51 4.51701e-06
9469.52 -0.00245852
9469.52 -0.00276305
9469.53 -0.00134441
9469.53 -0.000896857
9469.54 -0.00182177
9469.54 -0.00227506
9469.55 -0.0028723
9469.55 -0.00207226
9469.56 -0.00078473
9469.56 -0.000946018
9469.57 -0.000800272
9469.57 -0.000873226
9469.58 -0.000885359
9469.58 -0.000893873
9469.59 -0.000611799
9469.59 0.000401357
9469.6 -0.000586581
9469.6 -0.000844589
9469.61 -0.00080835
9469.61 -0.0007037
9469.61 0.000144891
9469.62 0.000760425
9469.63 0.000868556
9469.63 0.000670718
9469.64 0.00263549
9469.64 0.00343888
9469.65 0.000232061
9469.65 -0.000262894
9469.66 7.35966e-05
9469.66 0.000537562
9469.67 0.00132789
9469.67 0.00118123
9469.68 0.000540226
9469.68 0.000131657
9469.69 0.00281773
9469.69 0.00256985
9469.7 0.00156822
9469.7 0.000976479
9469.71 0.000515344
9469.71 -0.000466139
9469.72 0.000178841
9469.72 0.000144976
9469.73 -0.000270117
9469.73 -0.000594557
9469.74 0.000504957
9469.74 -0.00111028
9469.75 -0.00248188
9469.75 -0.00225224
9469.76 -0.000829655
9469.76 0.00074528
9469.77 0.00258754
9469.77 0.00284668
9469.78 0.00212819
9469.78 0.0016945
9469.79 0.0027171
9469.79 0.00748199
9469.8 0.0111988
9469.8 0.0120361
9469.81 0.0120932
9469.81 0.0126991
9469.82 0.0143747
9469.82 0.0143476
9469.83 0.0127925
9469.83 0.0121759
9469.84 0.0138125
9469.84 0.0144333
9469.85 0.0104178
9469.85 0.00680423
9469.86 0.00654059
9469.86 0.00960751
9469.87 0.00893151
9469.87 0.00638298
9469.88 0.00395743
9469.88 0.00237713
9469.89 0.00465505
9469.89 0.0056799
9469.9 0.0039649
9469.9 0.000713969
9469.91 -0.0022513
9469.91 -0.00532261
9469.92 -0.00674213
9469.92 -0.00717069
9469.93 -0.00796639
9469.93 -0.00741214
9469.94 -0.00461574
9469.94 -0.00549304
9469.95 -0.00818621
9469.95 -0.00846973
9469.96 -0.00731034
9469.96 -0.0008705
9469.97 0.00348148
9469.97 0.00248262
9469.98 0.00184454
9469.98 0.000814456
9469.99 -0.000901333
9469.99 -0.00266027
9470 -0.00426902
9470 -0.00369279
9470.01 -0.00303168
9470.01 -0.00260866
9470.02 -0.00714559
9470.02 -0.00943569
9470.03 -0.0107512
9470.03 -0.0102179
9470.04 -0.00637085
9470.04 -0.00233469
9470.05 -0.00144758
9470.05 -0.000864389
9470.06 -0.00104283
9470.06 -0.0015921
9470.07 -0.00157632
9470.07 -0.00146187
9470.08 -0.00106738
9470.08 -0.00090508
9470.09 0.00136691
9470.09 0.000834734
9470.1 -0.000509905
9470.1 -0.000891926
9470.11 -0.00106674
9470.11 -0.000873334
9470.12 -7.31675e-05
9470.12 0.000428207
9470.13 0.000150752
9470.13 -0.00041911
9470.14 0.00119108
9470.14 1.20825e-05
9470.15 -0.00165495
9470.15 -0.00204534
9470.16 -0.00147147
9470.16 -0.000549049
9470.17 0.000337494
9470.17 0.000556547
9470.18 -0.000352641
9470.18 -0.000803579
9470.19 0.00197591
9470.19 0.00219916
9470.2 0.00115327
9470.2 0.000588332
9470.21 0.000110037
9470.21 -0.000947832
9470.22 -0.000120991
9470.22 -8.59053e-05
9470.23 -0.000329519
9470.23 -0.000251935
9470.24 0.00253574
9470.24 0.000677308
9470.25 -0.00224887
9470.25 -0.00235659
9470.26 -0.00106047
9470.26 0.000612423
9470.27 0.00241498
9470.27 0.00211209
9470.28 0.00106495
9470.28 9.34466e-05
9470.29 0.00113783
9470.29 0.00317231
9470.3 0.00585668
9470.3 0.00757174
9470.31 0.00789936
9470.31 0.00846836
9470.32 0.00969558
9470.32 0.0106624
9470.33 0.0093956
9470.33 0.0120003
9470.34 0.0146185
9470.34 0.0158703
9470.35 0.00907622
9470.35 0.00387265
9470.36 0.00280442
9470.36 0.0064781
9470.36 0.00638739
9470.37 0.00444697
9470.38 0.00159357
9470.38 1.33091e-05
9470.39 -0.0006458
9470.39 -0.000385678
9470.4 -0.00267682
9470.4 -0.00189664
9470.41 -0.00196263
9470.41 -0.00399263
9470.42 -0.00642032
9470.42 -0.00656656
9470.43 -0.00756038
9470.43 -0.00735092
9470.44 -0.00483687
9470.44 -0.00573491
9470.45 -0.00869913
9470.45 -0.00898005
9470.46 -0.00766809
9470.46 -0.00105524
9470.47 0.00368907
9470.47 0.00377467
9470.48 0.00216335
9470.48 0.00115696
9470.49 0.00402717
9470.49 0.00302461
9470.5 0.000349935
9470.5 -0.00101179
9470.51 -0.00118398
9470.51 -0.00132217
9470.52 -0.00639933
9470.52 -0.00898294
9470.53 -0.010642
9470.53 -0.0100027
9470.54 -0.00631302
9470.54 -0.00694026
9470.55 -0.00702729
9470.55 -0.00539122
9470.56 -0.00360633
9470.56 -0.00336151
9470.57 -0.0026297
9470.57 -0.00232104
9470.58 -0.00186797
9470.58 -0.00164187
9470.59 0.00048057
9470.59 4.86723e-05
9470.6 -0.00113187
9470.6 -0.00131983
9470.61 -0.00127885
9470.61 -0.00114452
9470.62 -0.000308912
9470.62 9.02941e-05
9470.63 -0.000149926
9470.63 -0.000662728
9470.64 -0.000520559
9470.64 0.000699772
9470.65 -0.0004343
9470.65 -0.000983553
9470.66 -0.000638186
9470.66 0.00303211
9470.67 0.00356104
9470.67 0.00263911
9470.68 0.0014422
9470.68 0.000624884
9470.69 0.00297367
9470.69 0.00451053
9470.7 0.00115021
9470.7 -5.37795e-05
9470.71 -0.00056339
9470.71 -0.00172227
9470.72 -0.00410012
9470.72 -0.00383232
9470.73 -0.00357265
9470.73 -0.00333223
9470.74 -0.00108224
9470.74 -0.0020785
9470.75 -0.00405033
9470.75 -0.004447
9470.76 -0.00389783
9470.76 -0.00216706
9470.77 0.000361535
9470.77 0.000888457
9470.78 0.000439286
9470.78 0.000414819
9470.79 0.00176726
9470.79 0.00471715
9470.8 0.00696489
9470.8 0.00795294
9470.81 0.00862531
9470.81 0.0104857
9470.82 0.0117026
9470.82 0.0107356
9470.83 0.0087913
9470.83 0.00788757
9470.84 0.00932867
9470.84 0.00931449
9470.85 0.00460834
9470.85 0.000778803
9470.86 0.000619217
9470.86 0.00501254
9470.87 0.00481997
9470.87 0.00317518
9470.88 0.00201923
9470.88 0.000955814
9470.89 0.00349269
9470.89 0.00448382
9470.9 0.00338558
9470.9 0.0022184
9470.91 0.00104209
9470.91 -0.00156903
9470.92 -0.00690491
9470.92 -0.00694118
9470.93 -0.007575
9470.93 -0.00720918
9470.94 -0.00425598
9470.94 -0.0051626
9470.95 -0.0044257
9470.95 -0.00475527
9470.96 -0.00428192
9470.96 0.000956548
9470.96 0.00411101
9470.97 0.00594573
9470.98 0.00386942
9470.98 0.00239546
9470.99 0.000241404
9470.99 -0.0022526
9471 -0.00421281
9471 -0.00710963
9471.01 -0.00658012
9471.01 -0.00554507
9471.02 -0.00905091
9471.02 -0.0100919
9471.03 -0.0111987
9471.03 -0.0101841
9471.04 -0.00800755
9471.04 -0.00178147
9471.05 -0.0010677
9471.05 -0.000394349
9471.06 -0.00056183
9471.06 -0.00104758
9471.07 -0.00097317
9471.07 -0.000860789
9471.08 -0.000617736
9471.08 -0.000562408
9471.09 -0.000601466
9471.09 -0.000786082
9471.1 -0.00410616
9471.1 -0.00330625
9471.11 -0.00283806
9471.11 -0.00206603
9471.12 -0.000682943
9471.12 3.42566e-05
9471.13 -0.000110368
9471.13 -0.00048327
9471.14 0.00117543
9471.14 0.0021833
9471.15 0.00179553
9471.15 0.00117667
9471.16 0.000527794
9471.16 0.00357573
9471.17 0.00387777
9471.17 0.00237522
9471.18 0.000985333
9471.18 7.68054e-05
9471.19 0.00228573
9471.19 0.00222853
9471.2 0.000796321
9471.2 0.000150832
9471.21 -0.000471685
9471.21 -0.0012471
9471.22 -0.00364897
9471.22 -0.00311176
9471.23 0.000850749
9471.23 0.00437509
9471.24 0.00330732
9471.24 -0.000128239
9471.25 -0.00371508
9471.25 -0.00316727
9471.26 -0.00223434
9471.26 -0.00079342
9471.27 0.00149399
9471.27 0.00167506
9471.28 0.000373133
9471.28 -0.00350191
9471.29 -0.00565711
9471.29 0.000544004
9471.3 0.00510928
9471.3 0.0078778
9471.31 0.00789246
9471.31 0.00792242
9471.32 0.00918319
9471.32 0.00913897
9471.33 0.00787422
9471.33 0.00735224
9471.34 0.00910674
9471.34 0.00935249
9471.35 0.00473002
9471.35 0.000995131
9471.36 -0.000225087
9471.36 0.000491216
9471.37 0.0019956
9471.37 0.00174515
9471.38 0.000511892
9471.38 -0.000136963
9471.39 0.000833931
9471.39 0.00191284
9471.4 0.00137679
9471.4 0.000631845
9471.41 -0.000191003
9471.41 -0.00128599
9471.42 -0.00014293
9471.42 -0.00144316
9471.43 -0.00358925
9471.43 -0.00426629
9471.44 -0.00424929
9471.44 -0.00487558
9471.45 -0.007488
9471.45 -0.00783417
9471.46 -0.00672548
9471.46 -0.00355524
9471.47 0.000190505
9471.47 0.000265353
9471.48 -1.47303e-05
9471.48 -0.000515504
9471.49 0.000265428
9471.49 0.00148236
9471.5 0.000766429
9471.5 0.000441067
9471.51 -0.000156205
9471.51 -0.000549068
9471.52 -0.00280521
9471.52 -0.00516399
9471.53 -0.0074141
9471.53 -0.0072539
9471.54 -0.00604016
9471.54 -0.00584508
9471.55 -0.00593888
9471.55 -0.00468334
9471.56 -0.00371302
9471.56 -0.00324961
9471.57 -0.00280404
9471.57 -0.00209026
9471.58 -0.00162361
9471.58 -0.00147311
9471.59 0.000847681
9471.59 0.00236404
9471.6 0.00243351
9471.6 0.002284
9471.61 0.00195397
9471.61 0.00183504
9471.62 0.00212421
9471.62 0.00250455
9471.63 0.00188216
9471.63 0.0011217
9471.64 0.00238583
9471.64 0.00101293
9471.65 -0.0010248
9471.65 -0.00183772
9471.66 -0.00225198
9471.66 0.00106383
9471.67 0.00183729
9471.67 0.00160174
9471.68 0.000672186
9471.68 2.29387e-05
9471.69 0.00245953
9471.69 0.00280849
9471.7 0.00148219
9471.7 0.000879938
9471.71 0.000182533
9471.71 -0.000714655
9471.72 -0.00255491
9471.72 -0.00224859
9471.73 -0.00230427
9471.73 -0.00243545
9471.74 -0.0026761
9471.74 -0.00507044
9471.75 -0.00723205
9471.75 -0.00603183
9471.76 -0.00433851
9471.76 -0.00201823
9471.77 0.000633047
9471.77 0.000694048
9471.78 -0.000475853
9471.78 -0.00104507
9471.79 0.000136759
9471.79 0.00406424
9471.8 0.0066833
9471.8 0.00606584
9471.81 0.00360147
9471.81 0.00279378
9471.82 0.00253431
9471.82 0.00244768
9471.83 0.000521752
9471.83 -0.000587536
9471.84 0.000217213
9471.84 0.000115819
9471.85 -0.00333078
9471.85 -0.00614855
9471.86 -0.00555378
9471.86 0.000100005
9471.86 0.00164503
9471.87 0.00237049
9471.88 0.0017941
9471.88 0.00123756
9471.89 0.00407516
9471.89 0.00566179
9471.9 0.00456989
9471.9 0.00344479
9471.91 0.00356073
9471.91 0.00286597
9471.92 -0.000146993
9471.92 0.000369273
9471.93 -0.00172826
9471.93 -0.00359719
9471.94 -0.00474467
9471.94 -0.00718702
9471.95 -0.00967504
9471.95 -0.00762014
9471.96 -0.00521704
9471.96 -0.00279399
9471.97 0.000542244
9471.97 0.00464532
9471.98 0.00247234
9471.98 0.0009688
9471.99 -0.000954298
9471.99 -0.000228803
9472 -0.000866065
9472 -0.000482958
9472.01 -0.00201579
9472.01 -0.0026797
9472.02 -0.00473452
9472.02 -0.00655621
9472.03 -0.0117797
9472.03 -0.0113181
9472.04 -0.00731287
9472.04 -0.00286629
9472.05 -0.00150615
9472.05 -0.00045194
9472.06 -0.000367925
9472.06 -0.000669395
9472.07 -0.000484985
9472.07 -0.000179516
9472.08 -0.000152053
9472.08 -6.09782e-05
9472.09 0.0019751
9472.09 0.00160768
9472.1 0.000181951
9472.1 -3.35695e-05
9472.11 -0.000166497
9472.11 -3.14015e-05
9472.12 0.000628028
9472.12 0.000987002
9472.13 0.000602931
9472.13 8.13284e-05
9472.14 0.00156847
9472.14 0.00042174
9472.15 -0.00144198
9472.15 -0.00160623
9472.16 -0.00160733
9472.16 0.00229866
9472.17 0.00316212
9472.17 0.0030085
9472.18 0.00217316
9472.18 0.00150544
9472.19 0.00185601
9472.19 0.00373605
9472.2 0.00586211
9472.2 0.00521723
9472.21 0.00397006
9472.21 0.0022551
9472.22 -0.000931687
9472.22 -0.000864789
9472.23 -0.000560926
9472.23 0.000381956
9472.24 0.00192019
9472.24 0.00227126
9472.25 -0.00170128
9472.25 -0.00503797
9472.26 -0.00553928
9472.26 -0.00371739
9472.27 -0.000360017
9472.27 0.000881235
9472.28 0.000141237
9472.28 -0.000956755
9472.29 -0.00108973
9472.29 0.00345929
9472.3 0.00825379
9472.3 0.0104091
9472.31 0.0111946
9472.31 0.0125227
9472.32 0.014653
9472.32 0.014888
9472.33 0.0133093
9472.33 0.0124951
9472.34 0.0137166
9472.34 0.0138623
9472.35 0.0078633
9472.35 0.00197437
9472.36 -0.000229669
9472.36 -0.00156856
9472.37 0.000341716
9472.37 0.000211702
9472.38 -0.00119655
9472.38 -0.00203364
9472.39 -0.00096555
9472.39 0.000953266
9472.4 0.00420517
9472.4 0.00377839
9472.41 0.00260701
9472.41 0.00048709
9472.42 0.00216924
9472.42 0.000592321
9472.42 -0.00176253
9472.43 -0.00389828
9472.44 -0.00221851
9472.44 -0.00174706
9472.45 -0.0049409
9472.45 -0.00943598
9472.46 -0.00890728
9472.46 -0.00790964
9472.47 -0.00557351
9472.47 -0.00629846
9472.48 -0.00636713
9472.48 -0.00631787
9472.49 -0.00260057
9472.49 -0.00225336
9472.5 -0.00332317
9472.5 -0.00300686
9472.51 -0.00268385
9472.51 -0.00239118
9472.52 -0.00163817
9472.52 -0.00125284
9472.52 -0.00131361
9472.53 -0.00167427
9472.54 0.000314547
9472.54 -0.000345264
9472.54 -0.00140367
9472.55 -0.00188723
9472.56 -0.00185038
9472.56 -0.00213167
9472.57 -0.00184839
9472.57 -0.00179178
9472.58 -0.00158605
9472.58 -0.00167161
9472.59 0.000582442
9472.59 6.77082e-05
9472.6 0.00251541
9472.6 0.00234289
9472.61 0.0022399
9472.61 0.0015632
9472.62 0.0016573
9472.62 0.00188184
9472.63 0.00147046
9472.63 0.000838582
9472.64 0.00199749
9472.64 0.000740533
9472.65 -0.00120829
9472.65 -0.00527097
9472.66 -0.00557319
9472.66 -0.00138535
9472.67 0.000460962
9472.67 0.00080835
9472.68 8.12353e-05
9472.68 -0.000486962
9472.69 0.00178769
9472.69 0.00212174
9472.7 0.000958991
9472.7 0.000428737
9472.71 -0.00011181
9472.71 -0.000859828
9472.72 -0.00334397
9472.72 -0.00267104
9472.73 -0.00180004
9472.73 -0.0013769
9472.74 -0.00151079
9472.74 -0.0039392
9472.75 -0.00611765
9472.75 -0.00587171
9472.76 -0.00477982
9472.76 -0.0038572
9472.76 -0.00171714
9472.77 -7.47086e-05
9472.78 -0.00121307
9472.78 -0.00228413
9472.79 -0.00115811
9472.79 0.0028518
9472.8 0.00971607
9472.8 0.00970986
9472.81 0.00764177
9472.81 0.00598948
9472.82 0.00617544
9472.82 0.00554528
9472.83 0.00232987
9472.83 0.000813153
9472.84 0.00120584
9472.84 0.000779732
9472.84 -0.00266213
9472.85 -0.0101241
9472.86 -0.0085524
9472.86 -0.0038426
9472.87 -0.0005057
9472.87 0.000294119
9472.88 -0.000643873
9472.88 -0.00123789
9472.89 3.11213e-05
9472.89 0.00029161
9472.89 0.00127666
9472.9 0.000176482
9472.91 0.00035241
9472.91 -0.00169
9472.92 -0.00190326
9472.92 -0.00193748
9472.93 -0.00287735
9472.93 -0.00380133
9472.94 -0.00151045
9472.94 -0.00105634
9472.94 0.000302547
9472.95 -0.00102554
9472.96 0.000686617
9472.96 0.00173197
9472.97 0.00453983
9472.97 0.00345959
9472.98 0.00149468
9472.98 7.29907e-05
9472.98 0.000244207
9472.99 0.000363974
9472.99 -0.000751204
9473 -0.00355369
9473.01 -0.00467734
9473.01 -0.00491522
9473.02 -0.00508672
9473.02 -0.00665755
9473.03 -0.00821191
9473.03 -0.0078663
9473.04 -0.00436266
9473.04 -0.00185209
9473.04 -0.00272533
9473.05 -0.00276574
9473.06 -0.00246035
9473.06 -0.00175803
9473.07 -0.00177653
9473.07 -0.00140701
9473.08 -0.00117858
9473.08 -0.000717752
9473.09 0.00127649
9473.09 0.000705438
9473.1 -0.000110821
9473.1 -0.000666614
9473.1 1.86832e-05
9473.11 0.000493073
9473.12 0.000942177
9473.12 0.00152512
9473.13 0.00155786
9473.13 0.00124697
9473.14 0.00250489
9473.14 0.001355
9473.15 -0.000195143
9473.15 -0.0014165
9473.16 -0.00131948
9473.16 -0.00189764
9473.17 -0.000793858
9473.17 -0.000287394
9473.18 -0.000136509
9473.18 -0.000967372
9473.19 0.00173858
9473.19 0.00217929
9473.2 0.00208922
9473.2 0.000814011
9473.21 0.000715478
9473.21 -0.000155843
9473.22 0.00142561
9473.22 0.00143114
9473.22 0.00155546
9473.23 -5.06951e-05
9473.24 -0.000446686
9473.24 -0.00343239
9473.25 -0.00536994
9473.25 -0.00633194
9473.26 -0.00511168
9473.26 -0.00403368
9473.27 -0.00132993
9473.27 -0.000793134
9473.28 -0.000633538
9473.28 -0.00206143
9473.29 0.000502929
9473.29 0.00519512
9473.3 0.00966917
9473.3 0.00844753
9473.31 0.00670097
9473.31 0.00410004
9473.32 0.00469883
9473.32 0.00408309
9473.33 0.00228884
9473.33 0.000681311
9473.34 6.2757e-06
9473.34 -0.00201892
9473.35 -0.00631538
9473.35 -0.0103005
9473.36 -0.0088805
9473.36 -0.00711202
9473.37 -0.00173398
9473.37 -0.000745246
9473.38 -0.0012331
9473.38 -0.00154902
9473.39 3.19303e-05
9473.39 0.00312679
9473.4 0.00774472
9473.4 0.00814503
9473.41 0.00666033
9473.41 0.00411113
9473.42 0.00508053
9473.42 0.00367362
9473.43 0.00196828
9473.43 0.000662075
9473.44 0.00161143
9473.44 0.00123447
9473.45 -0.00100929
9473.45 -0.00619278
9473.46 -0.00664397
9473.46 -0.00599554
9473.47 -0.00377418
9473.47 -0.00471589
9473.48 -0.00583964
9473.48 -0.00585017
9473.49 -0.0048323
9473.49 -0.00506996
9473.5 -0.00540907
9473.5 -0.00475669
9473.51 -0.00353802
9473.51 -0.00273057
9473.51 -0.00175099
9473.52 -0.00117461
9473.53 -0.000935342
9473.53 -0.000603911
9473.54 0.00135878
9473.54 0.00249305
9473.55 0.00246393
9473.55 0.00175878
9473.56 0.0012068
9473.56 0.0036739
9473.56 0.0039498
9473.57 0.00246584
9473.58 0.00170471
9473.58 0.00130142
9473.59 0.00276515
9473.59 0.0017963
9473.6 0.000312113
9473.6 -0.000162213
9473.61 -0.000206869
9473.61 -6.81636e-05
9473.62 -0.00283117
9473.62 -0.00310402
9473.63 -0.00199321
9473.63 -0.00157284
9473.64 0.000813853
9473.64 0.000274124
9473.65 0.0024851
9473.65 0.00167559
9473.66 0.0010719
9473.66 0.00115421
9473.67 0.00311372
9473.67 0.00474525
9473.68 0.00402403
9473.68 0.00294636
9473.69 0.00273801
9473.69 0.000719164
9473.7 -0.00038637
9473.7 -0.00413446
9473.71 -0.00361238
9473.71 -0.00265341
9473.72 -0.00145555
9473.72 -0.00219218
9473.73 -0.00327104
9473.73 -0.0021892
9473.74 -0.00120686
9473.74 -0.00145058
9473.75 -0.00223347
9473.75 -0.00237684
9473.76 -0.00207896
9473.76 -0.00139155
9473.77 -0.00110126
9473.77 -0.000407212
9473.78 -0.000422402
9473.78 -0.00100671
9473.79 -0.00186359
9473.79 0.00150094
9473.8 0.00544872
9473.8 0.00586074
9473.81 0.00448828
9473.81 0.00258667
9473.82 0.00281307
9473.82 0.00364482
9473.82 0.00280017
9473.83 0.000235456
9473.84 0.00179202
9473.84 0.00287485
9473.85 0.00102195
9473.85 -0.00278484
9473.86 -0.00321236
9473.86 -0.00267718
9473.87 0.000393223
9473.87 0.00108994
9473.88 0.000479298
9473.88 -0.00102725
9473.89 0.00178725
9473.89 0.00106292
9473.9 0.0052814
9473.9 0.0037588
9473.91 0.00175596
9473.91 0.00100453
9473.92 0.00233487
9473.92 0.00280152
9473.93 0.00135565
9473.93 7.10917e-05
9473.94 0.00165856
9473.94 0.00100264
9473.95 8.04197e-05
9473.95 -0.0061234
9473.96 -0.00704597
9473.96 -0.00516025
9473.97 -0.00387543
9473.97 -0.00454646
9473.97 -0.00564614
9473.98 -0.00519064
9473.99 -0.00425588
9473.99 -0.00459777
9474 -0.0050821
9474 -0.00454374
9474.01 -0.00324188
9474.01 -0.00186009
9474.02 -0.00133472
9474.02 -0.000934158
9474.03 -0.00071936
9474.03 -0.000719803
9474.04 0.00136293
9474.04 0.00259214
9474.05 0.00266577
9474.05 0.00207644
9474.06 0.00114195
9474.06 0.000852613
9474.07 0.000661303
9474.07 0.000457226
9474.08 0.000355411
9474.08 0.000488372
9474.09 0.00233563
9474.09 0.00138482
9474.1 0.00325479
9474.1 0.00276262
9474.11 0.00235856
9474.11 0.00181858
9474.12 0.00135975
9474.12 0.00108169
9474.12 0.00120379
9474.13 0.000988469
9474.14 0.000549424
9474.14 -0.00145662
9474.15 0.000800333
9474.15 -0.00188705
9474.16 -0.00243797
9474.16 -0.00140869
9474.17 5.7271e-05
9474.17 0.000918589
9474.18 0.00129348
9474.18 0.000494482
9474.18 0.0011376
9474.19 0.00177399
9474.2 0.00236737
9474.2 -0.00103789
9474.21 -0.00198351
9474.21 -0.00200376
9474.22 -0.00126162
9474.22 -9.62328e-05
9474.22 0.000217817
9474.23 3.4647e-05
9474.24 -0.00031984
9474.24 -0.0012273
9474.25 -0.0018893
9474.25 -0.00273005
9474.26 -0.00275866
9474.26 -0.00233536
9474.27 -0.00136819
9474.27 -0.00201352
9474.27 -0.0031794
9474.28 -0.00342664
9474.29 -0.00325829
9474.29 0.0013175
9474.3 0.00436154
9474.3 0.00444029
9474.31 0.00373399
9474.31 0.00239922
9474.32 0.00192408
9474.32 0.00157786
9474.32 0.00148705
9474.33 0.000817728
9474.34 0.00226859
9474.34 0.00319864
9474.35 -0.000214972
9474.35 -0.00281938
9474.36 -0.00334676
9474.36 -0.00287558
9474.37 -0.00128906
9474.37 -0.00013128
9474.38 0.000279537
9474.38 -0.000152483
9474.39 0.00209176
9474.39 0.00119979
9474.4 0.00410814
9474.4 0.00379755
9474.41 0.00197151
9474.41 0.00165886
9474.42 0.00209764
9474.42 0.0022038
9474.42 0.00207962
9474.43 0.000670603
9474.44 0.00208738
9474.44 0.00117437
9474.45 0.00308486
9474.45 -0.00135473
9474.46 -0.00285588
9474.46 -0.00197769
9474.47 -0.00156229
9474.47 -0.00201766
9474.47 -0.00253717
9474.48 -0.00326654
9474.49 -0.00209229
9474.49 -0.00313116
9474.5 -0.00416183
9474.5 -0.00667481
9474.51 -0.00615486
9474.51 -0.00401986
9474.52 -0.00286761
9474.52 -0.0020019
9474.53 -0.00149194
9474.53 -0.00113343
9474.54 -0.000882294
9474.54 -0.000687183
9474.55 0.00135023
9474.55 0.00312385
9474.56 0.00221094
9474.56 0.00185323
9474.57 0.0012007
9474.57 0.000728662
9474.57 0.000461056
9474.58 0.000403004
9474.59 0.000263326
9474.59 0.000127822
9474.6 0.0031999
9474.6 0.00146403
9474.61 -0.000869043
9474.61 -0.000630323
9474.62 -0.000628513
9474.62 -0.000281095
9474.63 -3.39265e-05
9474.63 0.000101421
9474.64 5.42132e-05
9474.64 6.85448e-06
9474.65 0.000587953
9474.65 -0.00254629
9474.66 -0.00286083
9474.66 -0.00224192
9474.67 -0.000995602
9474.67 0.000104159
9474.68 0.000611921
9474.68 0.000335268
9474.69 0.000702548
9474.69 0.00133695
9474.7 0.00131466
9474.7 0.000706343
9474.71 -6.03875e-05
9474.71 -0.000140228
9474.72 -2.25938e-05
9474.72 0.000242355
9474.72 0.000401445
9474.73 0.000719196
9474.74 0.000830875
9474.74 -1.63782e-05
9474.75 -0.000250292
9474.75 -0.00111399
9474.76 -0.00105219
9474.76 -0.000456982
9474.77 -0.000183509
9474.77 0.00014009
9474.78 -0.000585233
9474.78 -0.00121293
9474.79 -5.95808e-05
9474.79 0.00473121
9474.8 0.0125703
9474.8 0.014207
9474.81 0.0158653
9474.81 0.0163929
9474.82 0.0164075
9474.82 0.0163626
9474.83 0.0158715
9474.83 0.0154485
9474.84 0.0170202
9474.84 0.0161265
9474.85 0.0138656
9474.85 0.00730755
9474.86 0.00363915
9474.86 0.0017435
9474.87 0.000354473
9474.87 3.82903e-05
9474.88 -0.000159245
9474.88 -0.000263028
9474.89 0.00147334
9474.89 0.000300643
9474.9 0.00146044
9474.9 -0.000140194
9474.91 -0.00232323
9474.91 -0.00272153
9474.92 -0.00185258
9474.92 -0.000670529
9474.93 -0.000154758
9474.93 -0.000374763
9474.94 0.000712424
9474.94 -0.000420093
9474.94 -0.000806544
9474.95 -0.00532615
9474.96 -0.00730863
9474.96 -0.0064393
9474.97 -0.00461277
9474.97 -0.0034617
9474.98 -0.00309921
9474.98 -0.00378907
9474.99 -0.0039613
9474.99 -0.00518652
9475 -0.00613415
9475 -0.00642374
9475.01 -0.00431681
9475.01 -0.00299835
9475.02 -0.00248681
9475.02 -0.00219765
9475.03 -0.00326847
9475.03 -0.00385274
9475.04 -0.00145063
9475.04 4.1717e-05
9475.05 0.00345546
9475.05 0.00665387
9475.06 0.00650982
9475.06 0.00618955
9475.06 0.00578844
9475.07 0.00273484
9475.08 0.00174611
9475.08 0.000946656
9475.09 0.00239003
9475.09 0.00125206
9475.1 0.00290761
9475.1 -0.000664535
9475.11 -0.00520121
9475.11 -0.00608045
9475.12 -0.00644425
9475.12 -0.00640652
9475.13 -0.00354261
9475.13 -0.00268431
9475.14 -0.000120222
9475.14 -0.000619826
9475.15 0.00174909
9475.15 -0.00120082
9475.16 -0.00224024
9475.16 -0.00147639
9475.17 0.0011101
9475.17 0.00317717
9475.18 0.00279265
9475.18 0.00139277
9475.19 0.00128474
9475.19 -0.00021534
9475.2 -0.00162508
9475.2 -0.00514369
9475.21 -0.00589656
9475.21 -0.00456344
9475.22 -0.00375023
9475.22 -0.00410505
9475.23 -0.00478746
9475.23 -0.00331516
9475.24 -0.00201821
9475.24 -0.00250468
9475.25 -0.0035156
9475.25 -0.00318467
9475.26 -0.00319459
9475.26 -0.00222597
9475.27 -0.00186886
9475.27 -0.00150082
9475.28 -0.00256872
9475.28 -0.00299442
9475.29 -0.0037256
9475.29 -0.00329936
9475.29 -0.00245671
9475.3 0.00319608
9475.31 0.00241043
9475.31 0.00162075
9475.32 0.00109202
9475.32 0.000785884
9475.33 0.000538963
9475.33 0.000306843
9475.34 0.0017016
9475.34 0.00305399
9475.35 0.00237185
9475.35 0.0014007
9475.36 -0.00422632
9475.36 -0.00359649
9475.37 -0.0025385
9475.37 -0.0015576
9475.38 -0.00112198
9475.38 -0.0010727
9475.39 0.000819223
9475.39 0.000186522
9475.4 0.00262549
9475.4 0.00332818
9475.41 0.00375169
9475.41 0.00307484
9475.42 0.002944
9475.42 0.00303164
9475.43 0.00243648
9475.43 0.00156758
9475.43 0.0014216
9475.44 -0.00146451
9475.45 -0.00310543
9475.45 -0.00690932
9475.46 -0.00743294
9475.46 -0.00697562
9475.47 -0.00527446
9475.47 -0.00365595
9475.48 -0.00277179
9475.48 -0.00292784
9475.49 -0.0026215
9475.49 -0.00249437
9475.5 -0.00201571
9475.5 -0.00120592
9475.51 -0.00138004
9475.51 -0.000846058
9475.52 -0.000813896
9475.52 -0.000649009
9475.53 -0.00192898
9475.53 -0.00263388
9475.54 -0.00217678
9475.54 -0.00153396
9475.55 -0.00130203
9475.55 -0.000442977
9475.56 -0.000592347
9475.56 -0.000263743
9475.57 -0.000203665
9475.57 -0.000216272
9475.58 -0.000285155
9475.58 -0.00011375
9475.58 7.55421e-06
9475.59 0.00284307
9475.6 0.00585252
9475.6 0.00546507
9475.61 0.00358963
9475.61 0.00317706
9475.62 0.00192645
9475.62 0.00145533
9475.63 0.0045735
9475.63 0.00439497
9475.64 0.00507456
9475.64 0.00582454
9475.65 0.0035223
9475.65 0.00024374
9475.66 -0.00140922
9475.66 -0.000810623
9475.67 0.00129077
9475.67 0.00333263
9475.67 0.00383688
9475.68 -0.00152419
9475.69 -0.00172434
9475.69 -0.00234819
9475.7 -0.00312567
9475.7 -0.00384715
9475.71 -0.00476414
9475.71 -0.00323962
9475.72 -0.00254645
9475.72 -0.00293157
9475.73 -0.00329123
9475.73 -0.00276604
9475.74 -0.000872879
9475.74 -0.00133775
9475.75 -0.00249251
9475.75 -0.00282798
9475.76 -0.00316453
9475.76 -0.00213482
9475.77 -0.00160944
9475.77 -0.0010166
9475.78 -0.00218011
9475.78 -0.00263574
9475.79 -0.00342747
9475.79 -0.00316777
9475.8 0.000785601
9475.8 0.00216012
9475.81 0.00159467
9475.81 0.00158523
9475.82 0.00104571
9475.82 0.000746211
9475.83 0.000386979
9475.83 0.00041636
9475.84 0.00212142
9475.84 0.00307269
9475.85 0.00324763
9475.85 9.0104e-06
9475.86 -0.00116717
9475.86 -0.00100394
9475.87 -0.000960134
9475.87 8.07082e-06
9475.88 0.000569663
9475.88 0.000414709
9475.89 0.00193892
9475.89 0.000887172
9475.9 0.004013
9475.9 0.00417557
9475.91 0.00377921
9475.91 0.00312729
9475.92 0.00325258
9475.92 0.00386108
9475.93 0.00341623
9475.93 0.00226091
9475.94 0.00154729
9475.94 -0.000670853
9475.95 -8.5884e-05
9475.95 -0.00337914
9475.96 -0.00497592
9475.96 -0.00527231
9475.97 -0.00435857
9475.97 -0.00250214
9475.98 -0.00248113
9475.98 -0.00290521
9475.99 -0.0028965
9475.99 -0.00227644
9476 -0.000970249
9476 -0.00152529
9476.01 -0.00245982
9476.01 -0.00123148
9476.02 -0.00123977
9476.02 0.00117173
9476.03 0.000635678
9476.03 0.00184434
9476.04 0.00470614
9476.04 0.00533113
9476.05 0.00969965
9476.05 0.0124019
9476.06 0.00877542
9476.06 0.00819836
9476.06 0.00794063
9476.07 0.00825719
9476.08 0.00506653
9476.08 0.00167114
9476.08 -0.000197722
9476.09 -0.00154553
9476.1 0.000711476
9476.1 -0.0040791
9476.11 -0.00885998
9476.11 -0.0071095
9476.12 -0.0075973
9476.12 -0.00796081
9476.12 -0.00775434
9476.13 -0.00694822
9476.14 -0.00277089
9476.14 -0.00124311
9476.15 0.000549607
9476.15 -0.00209147
9476.16 -0.00286982
9476.16 -0.00238819
9476.17 -0.0019891
9476.17 -0.00160373
9476.18 -0.0010057
9476.18 -0.00102449
9476.19 -0.000520729
9476.19 -0.00225518
9476.2 -0.00354468
9476.2 -0.00629141
9476.21 -0.00580959
9476.21 -0.00408227
9476.22 -0.00316895
9476.22 -0.00225501
9476.23 -0.00150627
9476.23 -0.00120415
9476.24 -0.0010451
9476.24 -0.000807404
9476.24 -0.00071591
9476.25 -0.000423804
9476.26 -0.000682421
9476.26 -0.000478251
9476.27 -0.000392982
9476.27 -0.000187169
9476.28 -0.000242008
9476.28 7.53903e-05
9476.29 -0.000106968
9476.29 -9.60536e-06
9476.3 0.00294258
9476.3 0.00317806
9476.31 0.00231384
9476.31 0.00202577
9476.32 0.00154899
9476.32 0.00131609
9476.33 0.00114527
9476.33 0.00120617
9476.34 0.00271355
9476.34 0.00350883
9476.35 0.00685554
9476.35 0.00357779
9476.36 0.00150109
9476.36 0.00114245
9476.37 0.000673363
9476.37 0.000458895
9476.38 0.000382627
9476.38 4.13208e-05
9476.38 -0.000143458
9476.39 0.00075717
9476.4 0.00278338
9476.4 -0.0011284
9476.4 -0.00198354
9476.41 -0.0016656
9476.42 -0.00136039
9476.42 -0.00121006
9476.43 -0.00116314
9476.43 -0.00108356
9476.44 -0.000858886
9476.44 -0.000741974
9476.45 -0.00367756
9476.45 -0.00631403
9476.46 -0.00579841
9476.46 -0.00470886
9476.47 -0.00319684
9476.47 -0.00231686
9476.48 -0.00145621
9476.48 -0.000787064
9476.48 -0.00056221
9476.49 -0.000519878
9476.5 -0.000817082
9476.5 -0.000273971
9476.51 -0.000498786
9476.51 -0.000181164
9476.52 -0.000152221
9476.52 -4.0679e-05
9476.53 -0.000174829
9476.53 -0.000186224
9476.54 0.00158008
9476.54 0.00266236
9476.55 0.00589144
9476.55 0.00877065
9476.56 0.00648379
9476.56 0.00523379
9476.57 0.00383917
9476.57 0.00293566
9476.58 0.00189807
9476.58 0.00169683
9476.59 0.00324457
9476.59 0.00231055
9476.6 0.00391708
9476.6 0.000182825
9476.61 -0.00435074
9476.61 -0.00325549
9476.62 -0.00270592
9476.62 -0.00224904
9476.63 -0.00190868
9476.63 -0.00120974
9476.64 0.000914441
9476.64 0.000347547
9476.65 0.00215028
9476.65 -0.00121972
9476.66 -0.00223765
9476.66 -0.00145184
9476.67 -0.00118416
9476.67 -0.00113087
9476.68 -0.000658078
9476.68 -0.000324651
9476.69 -0.000299503
9476.69 -0.00223565
9476.7 -0.000274239
9476.7 -0.00290771
9476.71 -0.00330857
9476.71 -0.00212869
9476.72 -0.00163739
9476.72 -0.00141101
9476.73 -0.00110036
9476.73 -0.000921787
9476.74 -0.000732761
9476.74 -0.000504033
9476.75 -0.000547328
9476.75 -0.00347363
9476.76 -0.00380703
9476.76 -0.00285926
9476.77 -0.00226007
9476.77 -0.00150561
9476.78 -0.000851082
9476.78 -0.000176922
9476.78 -4.87856e-05
9476.79 0.00272909
9476.8 0.00553715
9476.8 0.00524679
9476.81 0.00360402
9476.81 0.00308336
9476.82 0.00229485
9476.82 0.00165008
9476.83 0.000983167
9476.83 0.000750642
9476.84 0.000314195
9476.84 0.00015033
9476.85 0.000668022
9476.85 -0.00202907
9476.86 -0.000718317
9476.86 0.00120287
9476.87 0.00137822
9476.87 0.000712344
9476.88 0.000526741
9476.88 0.000530521
9476.89 0.00220614
9476.89 0.00328463
9476.9 0.00621851
9476.9 0.00242054
9476.91 0.000593354
9476.91 -0.00119125
9476.92 -0.00242913
9476.92 -0.00275613
9476.93 -0.00187962
9476.93 -0.0012246
9476.94 -0.000925784
9476.94 -0.00255559
9476.95 -0.00382344
9476.95 -0.00655427
9476.96 -0.00614509
9476.96 -0.00434785
9476.97 -0.00318224
9476.97 -0.00189207
9476.98 -0.000951924
9476.98 -0.000451286
9476.98 -0.000311187
9476.99 -0.00039458
9477 -0.000551323
9477 3.55521e-05
9477 -0.000116846
9477.01 2.65572e-05
9477.02 -0.000164975
9477.02 0.000164455
9477.03 -0.000286159
9477.03 -0.000160464
9477.04 0.000215806
9477.04 9.16435e-05
9477.04 0.00255739
9477.05 0.00480027
9477.05 0.00398555
9477.06 0.00257578
9477.07 0.00190493
9477.07 0.00168414
9477.08 0.00115865
9477.08 0.0010069
9477.09 0.00246704
9477.09 0.00307717
9477.1 0.00706748
9477.1 0.00502041
9477.1 0.00189464
9477.11 0.000536585
9477.12 0.000772429
9477.12 0.00172145
9477.13 0.00546707
9477.13 0.00522206
9477.14 0.00551214
9477.14 0.00375322
9477.15 0.00533403
9477.15 0.00106927
9477.15 -0.000344767
9477.16 -0.00164801
9477.17 0.000284294
9477.17 0.00201484
9477.18 0.00219516
9477.18 -0.000914001
9477.19 -0.000281945
9477.19 -0.000283138
9477.2 -0.0025063
9477.2 -0.00598889
9477.2 -0.00658236
9477.21 -0.00607475
9477.22 -0.00398688
9477.22 -0.001866
9477.23 -0.00143816
9477.23 -0.000798034
9477.24 -0.0017111
9477.24 -0.00314546
9477.25 -0.00320472
9477.25 -0.00136625
9477.25 -0.00109075
9477.26 -0.000955665
9477.27 -0.000360279
9477.27 -0.000117094
9477.28 -0.00230088
9477.28 -0.00322723
9477.29 -0.00236874
9477.29 -0.000886715
9477.3 0.00291785
9477.3 0.00236641
9477.31 0.00174901
9477.31 0.00122049
9477.32 0.00114181
9477.32 0.000484243
9477.33 4.68191e-05
9477.33 -6.59789e-05
9477.34 -0.000320262
9477.34 -0.00233653
9477.35 6.315e-05
9477.35 -0.00246748
9477.35 -0.00255823
9477.36 -0.00242829
9477.37 -0.00162855
9477.37 -0.00125142
9477.38 -0.000605684
9477.38 -0.00022268
9477.39 -0.000112667
9477.39 7.59518e-05
9477.4 0.00324636
9477.4 0.00011349
9477.4 -0.000528044
9477.41 -0.000864297
9477.42 -0.000466754
9477.42 -0.000561981
9477.43 -0.000530918
9477.43 -0.0003112
9477.44 -6.88119e-05
9477.44 0.000297248
9477.45 0.0039019
9477.45 0.00125205
9477.45 0.000504286
9477.46 -0.000373094
9477.47 -0.000243605
9477.47 0.00040763
9477.48 0.000893488
9477.48 0.00109383
9477.48 0.000961627
9477.49 0.000182646
9477.5 -0.000530934
9477.5 -0.0040786
9477.51 -0.00466968
9477.51 -0.00421345
9477.52 -0.00295045
9477.52 -0.00190659
9477.53 -0.0020887
9477.53 -0.00187744
9477.54 -0.00124864
9477.54 -0.0011843
9477.55 0.00321084
9477.55 0.00431518
9477.56 0.00378252
9477.56 0.002679
9477.57 0.0021261
9477.57 0.00138517
9477.58 0.000929933
9477.58 0.000870847
9477.59 0.00063697
9477.59 0.000140649
9477.6 0.00324445
9477.6 -0.000283691
9477.61 -0.00154923
9477.61 -0.00158686
9477.62 -0.00119465
9477.62 -0.00110626
9477.63 0.002661
9477.63 0.00280282
9477.64 0.00201591
9477.64 0.00159651
9477.65 0.0041669
9477.65 0.00105852
9477.66 0.000335204
9477.66 -0.000265322
9477.67 -0.000287993
9477.67 0.000501537
9477.68 0.00109667
9477.68 -0.00182846
9477.69 -0.00150055
9477.69 -0.000967947
9477.7 0.00205486
9477.7 -0.000539863
9477.71 -0.00140556
9477.71 -0.0018709
9477.72 -0.00131429
9477.72 -0.000511103
9477.73 -0.000462068
9477.73 -0.000102137
9477.74 -0.000420148
9477.74 -0.000999194
9477.75 -0.000643418
9477.75 -0.0032589
9477.76 -0.00351647
9477.76 -0.00308028
9477.76 -0.00209417
9477.77 -0.00126283
9477.78 -0.00143018
9477.78 -0.00127123
9477.79 -0.00170029
9477.79 -0.00145796
9477.8 0.00196686
9477.8 0.00227888
9477.81 0.00177891
9477.81 0.00156406
9477.82 0.0014631
9477.82 0.00105617
9477.83 0.00381106
9477.83 0.00359926
9477.84 0.00239012
9477.84 0.00170617
9477.84 0.00325443
9477.85 0.00111242
9477.86 4.9587e-05
9477.86 -0.000513572
9477.87 -0.000448365
9477.87 -0.0005293
9477.88 -0.000366581
9477.88 -0.00347417
9477.89 -0.00346917
9477.89 -0.00252036
9477.9 0.00129501
9477.9 -0.000106066
9477.91 -0.0015629
9477.91 -0.00170694
9477.92 -0.00118299
9477.92 -0.00111491
9477.92 -0.000665121
9477.93 -0.000541201
9477.94 -0.000280931
9477.94 -0.000140972
9477.95 -0.000304167
9477.95 -0.00326861
9477.96 -0.00345679
9477.96 -0.00308357
9477.97 -0.00203724
9477.97 -0.00129041
9477.98 -0.000712869
9477.98 -0.000493433
9477.99 -0.000260161
9477.99 -0.00027854
9478 0.00298718
9478 0.00339201
9478.01 0.00264917
9478.01 0.00191258
9478.02 0.00155048
9478.02 0.0012311
9478.03 0.00063532
9478.03 0.000424708
9478.04 0.00016827
9478.04 4.67111e-05
9478.05 0.00308381
9478.05 7.13663e-05
9478.06 -0.000565625
9478.06 -0.000870042
9478.07 -0.000455401
9478.07 -0.000544783
9478.08 -0.000461229
9478.08 -0.000182271
9478.09 0.00184725
9478.09 0.00307402
9478.1 0.00617728
9478.1 0.00262666
9478.11 0.00113312
9478.11 0.000179641
9478.12 0.000185895
9478.12 -0.000129754
9478.13 -0.000113618
9478.13 -9.61123e-05
9478.14 -0.000106383
9478.14 -0.00197016
9478.15 0.00011816
9478.15 -0.00278946
9478.16 -0.00274654
9478.16 -0.00246724
9478.17 -0.00140899
9478.17 -0.00108099
9478.18 -0.000599771
9478.18 -0.000101589
9478.19 0.000191389
9478.19 0.000258855
9478.2 0.00322722
9478.2 0.000261199
9478.21 -0.000579991
9478.21 -0.00101719
9478.22 -0.000623759
9478.22 -0.00029067
9478.23 0.000146494
9478.23 0.000551479
9478.24 0.000436852
9478.24 0.000162315
9478.25 0.00365868
9478.25 0.000738704
9478.26 -0.000212635
9478.26 -0.000868476
9478.27 -0.000544519
9478.27 -0.000482323
9478.28 -0.00062122
9478.28 -0.00055195
9478.29 -0.000844981
9478.29 -0.000758815
9478.3 0.00239911
9478.3 -0.000797555
9478.31 -0.00152802
9478.31 -0.00140608
9478.32 -0.000588248
9478.32 -0.00056476
9478.33 -0.000488684
9478.33 -0.000348771
9478.34 -0.000441513
9478.34 -0.000330252
9478.35 0.00307249
9478.35 0.00022474
9478.36 -0.000586525
9478.36 -0.00106701
9478.37 -0.000862142
9478.37 -0.000844128
9478.38 -0.000421019
9478.38 2.91514e-05
9478.39 2.63853e-05
9478.39 0.0001768
9478.4 0.00335359
9478.4 0.000175188
9478.41 -0.000437705
9478.41 -0.000618789
9478.41 -9.75566e-05
9478.42 -4.64108e-05
9478.43 0.00320162
9478.43 0.00339773
9478.44 0.002446
9478.44 0.00193894
9478.45 0.000898559
9478.45 -0.00239717
9478.46 -0.00285234
9478.46 -0.00289766
9478.47 -0.00215697
9478.47 -0.00161334
9478.48 -0.00117756
9478.48 -0.00386129
9478.49 -0.00386256
9478.49 -0.00294156
9478.5 -0.00257091
9478.5 -0.00139945
9478.51 -0.00140068
9478.51 -0.00102286
9478.52 -0.000571103
9478.52 -0.0002889
9478.53 -0.000512357
9478.53 -0.000564639
9478.54 -0.000569249
9478.54 -0.000504146
9478.55 0.00289711
9478.55 0.0033751
9478.56 0.00262164
9478.56 0.00177138
9478.57 0.00131327
9478.57 0.000907999
9478.58 0.00061556
9478.58 0.000860758
9478.59 0.00096224
9478.59 0.000818746
9478.6 0.00381763
9478.6 0.00060347
9478.61 -0.000227042
9478.61 -0.000341459
9478.62 2.12059e-05
9478.62 -2.28618e-05
9478.63 -4.46732e-05
9478.63 -6.27068e-05
9478.64 -0.000285974
9478.64 -0.000310704
9478.65 0.00287427
9478.65 -7.22122e-05
9478.66 -0.000562218
9478.66 -0.000917871
9478.67 -0.000657855
9478.67 -0.000392476
9478.68 -5.06555e-05
9478.68 0.000483861
9478.69 0.000834086
9478.69 0.00123429
9478.7 0.000729421
9478.7 -0.00216517
9478.71 -0.00248997
9478.71 -0.0021756
9478.72 -0.00146013
9478.72 -0.000211636
9478.73 0.000295076
9478.73 0.00093817
9478.73 0.000949591
9478.74 0.000182015
9478.74 0.000414682
9478.75 0.000450839
9478.76 -9.37781e-05
9478.76 -0.000308108
9478.77 -0.000301606
9478.77 -5.86669e-05
9478.78 -0.000813847
9478.78 -0.00090681
9478.79 -0.00148749
9478.79 -0.00164232
9478.8 0.00201148
9478.8 0.00185485
9478.8 0.00195167
9478.81 0.0013182
9478.82 0.00105814
9478.82 0.000637327
9478.82 0.00340391
9478.83 0.0031886
9478.84 0.00212579
9478.84 0.00149396
9478.84 0.00126696
9478.85 0.00101105
9478.86 6.46022e-05
9478.86 -0.00063295
9478.87 -0.000170333
9478.87 -0.000145255
9478.88 -7.75365e-06
9478.88 -0.00298991
9478.89 -0.00294525
9478.89 -0.00206249
9478.9 0.00173463
9478.9 0.00206438
9478.91 -0.00134669
9478.91 -0.00153529
9478.92 -0.0010395
9478.92 -0.00106654
9478.93 -0.00107367
9478.93 -0.000637683
9478.94 -0.000390047
9478.94 -0.000194341
9478.95 0.00308145
9478.95 7.48392e-05
9478.96 -0.000673247
9478.96 -0.0012325
9478.97 -0.00133648
9478.97 -0.000900444
9478.98 -0.000517134
9478.98 -4.50813e-05
9478.98 -0.000137268
9478.99 -0.000322801
9479 0.0026908
9479 -0.000307238
9479.01 -0.00109076
9479.01 -0.00109673
9479.02 -0.000499306
9479.02 0.000160751
9479.03 0.00318762
9479.03 0.00331637
9479.04 0.00240425
9479.04 0.00194343
9479.05 0.00469501
9479.05 0.00178417
9479.06 0.00078325
9479.06 0.0002453
9479.06 0.000339117
9479.07 0.000384094
9479.08 0.000770992
9479.08 -0.00228976
9479.09 -0.002683
9479.09 -0.00211924
9479.1 0.00134156
9479.1 -0.000796202
9479.1 -0.000874052
9479.11 -0.00150544
9479.12 -0.00103156
9479.12 -0.000225947
9479.13 0.00359823
9479.13 0.00402556
9479.14 0.00307275
9479.14 0.00246507
9479.14 0.00381173
9479.15 0.00255546
9479.16 0.00151243
9479.16 -0.000571334
9479.17 0.000132081
9479.17 0.00142328
9479.18 0.00203428
9479.18 -0.000798868
9479.19 -0.00171394
9479.19 -0.00160995
9479.2 0.00153405
9479.2 0.000310537
9479.21 -0.00240243
9479.21 -0.0029461
9479.22 -0.00151221
9479.22 -0.00129795
9479.23 -0.00243153
9479.23 -0.00327862
9479.24 -0.00389384
9479.24 -0.00346148
9479.25 0.000676729
9479.25 -0.00140685
9479.26 -0.00183497
9479.26 -0.00192675
9479.27 -0.00123231
9479.27 -0.00094497
9479.28 -0.00062287
9479.28 -0.000186849
9479.29 -0.000287842
9479.29 -0.000251281
9479.3 0.00277379
9479.3 -0.000202284
9479.31 -0.000809181
9479.31 -0.000761085
9479.32 -0.000204446
9479.32 -0.000173496
9479.33 0.00311653
9479.33 0.00317961
9479.34 0.00419468
9479.34 0.004784
9479.34 0.00642558
9479.35 0.00374646
9479.36 0.00197626
9479.36 0.00063816
9479.37 -1.9706e-05
9479.37 -8.11197e-06
9479.38 -3.59391e-05
9479.38 -0.0032226
9479.39 -0.00325431
9479.39 -0.00418353
9479.4 -0.00141402
9479.4 -0.0028147
9479.41 -0.0035792
9479.41 -0.0029938
9479.42 -0.00179085
9479.42 -0.00100597
9479.42 0.0011045
9479.43 0.00269745
9479.44 0.00210367
9479.44 0.00232593
[33m[ WARN] [1548173658.366575460]: joint_state_publisher reaction_wheel_effort_controller[0m
[0m[ INFO] [1548173658.366686376]: RELOADED CONTROLLERS LIBRARIES[0m
[0m[ INFO] [1548173660.369493363]: joint_state_publisher[0m
[0m[ INFO] [1548173660.369535201]: reaction_wheel_effort_controller[0m
[33m[ WARN] [1548173657.670783996]: The root link cepheus has an inertia specified in the URDF, but KDL does not support a root link with an inertia.  As a workaround, you can add an extra dummy link to your URDF.[0m
[0m[ INFO] [1548173658.111478083]: Controller started with Planner interface[0m
[0m[ INFO] [1548173666.175477883]: Controller Initialized[0m
[0m[ INFO] [1548173657.993618574]: Succesfully parsed all LED parameters![0m
[0m[ INFO] [1548173658.015725548]: Succesfully parsed all LED parameters![0m
[INFO] [1548173660.170144]: Controller Spawner: Waiting for service controller_manager/load_controller
[INFO] [1548173660.172672]: Controller Spawner: Waiting for service controller_manager/switch_controller
[INFO] [1548173660.176931]: Controller Spawner: Waiting for service controller_manager/unload_controller
[INFO] [1548173660.179512]: Loading controller: joint_state_publisher
[INFO] [1548173660.194005]: Loading controller: reaction_wheel_effort_controller
[INFO] [1548173660.213895]: Controller Spawner: Loaded controllers: joint_state_publisher, reaction_wheel_effort_controller
[INFO] [1548173660.218846]: Started controllers: joint_state_publisher, reaction_wheel_effort_controller
[INFO] [1548173677.495474]: Shutting down spawner. Stopping and unloading controllers...
[INFO] [1548173677.495965]: Stopping all controllers...
... logging to /root/.ros/log/c3ae2220-1e60-11e9-bf0b-ec086b0a6d0b/roslaunch-mrrobot-3925.log
Checking log directory for disk usage. This may take awhile.
Press Ctrl-C to interrupt
Done checking log file disk usage. Usage is <1GB.
]2;/home/mrrobot/ilias_ws/src/cepheus_robot/launch/spawner.launch
[1mstarted roslaunch server http://192.168.1.103:45295/[0m

SUMMARY
========

PARAMETERS
 * /rosdistro: kinetic
 * /rosversion: 1.12.14

NODES
  /
    cepheus_controller_spawner (controller_manager/spawner)

[1mROS_MASTER_URI=http://mrrobot.local:11311[0m
]2;/home/mrrobot/ilias_ws/src/cepheus_robot/launch/spawner.launch http://mrrobot.local:11311
[1mprocess[cepheus_controller_spawner-1]: started with pid [3944][0m
[cepheus_controller_spawner-1] killing on exit
shutting down processing monitor...
... shutting down processing monitor complete
[1mdone[0m
